#ndep: 2882
#lat lon: 0.8 -24.2
   10.000      6.805520E+00
   11.000      1.608050E+01
   12.000      1.344437E+01
   13.000      1.184571E+01
   14.000      1.098415E+01
   15.000      1.038175E+01
   16.000      9.942019E+00
   17.000      9.528003E+00
   18.000      9.093761E+00
   19.000      8.625785E+00
   20.000      8.158851E+00
   21.000      7.703803E+00
   22.000      7.264419E+00
   23.000      6.842986E+00
   24.000      6.444395E+00
   25.000      6.069351E+00
   26.000      5.717161E+00
   27.000      5.387067E+00
   28.000      5.078269E+00
   29.000      4.787245E+00
   30.000      4.509123E+00
   31.000      4.154659E+00
   32.000      3.887770E+00
   33.000      3.657393E+00
   34.000      3.356531E+00
   35.000      2.379704E+00
   36.000      1.812506E+00
   37.000      1.343607E+00
   38.000      1.020871E+00
   39.000      7.059702E-01
   40.000      4.387725E-01
   41.000      1.362555E-01
   42.000     -8.904743E-02
   43.000     -2.182619E-01
   44.000     -2.908748E-01
   45.000     -3.715791E-01
   46.000     -4.614341E-01
   47.000     -5.081913E-01
   48.000     -5.447363E-01
   49.000     -5.798194E-01
   50.000     -6.133101E-01
   51.000     -6.336837E-01
   52.000     -6.497342E-01
   53.000     -6.664750E-01
   54.000     -6.813137E-01
   55.000     -6.954921E-01
   56.000     -7.089980E-01
   57.000     -7.231061E-01
   58.000     -7.378413E-01
   59.000     -7.507075E-01
   60.000     -7.643049E-01
   61.000     -7.774487E-01
   62.000     -7.915040E-01
   63.000     -8.053199E-01
   64.000     -8.177622E-01
   65.000     -8.302563E-01
   66.000     -8.432122E-01
   67.000     -8.572485E-01
   68.000     -8.683163E-01
   69.000     -8.803196E-01
   70.000     -8.920288E-01
   71.000     -9.047674E-01
   72.000     -9.185970E-01
   73.000     -9.297574E-01
   74.000     -9.421281E-01
   75.000     -9.532335E-01
   76.000     -9.656879E-01
   77.000     -9.782926E-01
   78.000     -9.901467E-01
   79.000     -1.002431E+00
   80.000     -1.013166E+00
   81.000     -1.353490E-01
   82.000     -1.541190E-01
   83.000     -1.728392E-01
   84.000     -1.915167E-01
   85.000     -2.101587E-01
   86.000     -2.274984E-01
   87.000     -2.448168E-01
   88.000     -2.621211E-01
   89.000     -2.781443E-01
   90.000     -2.941677E-01
   91.000     -3.101990E-01
   92.000     -3.262454E-01
   93.000     -3.423143E-01
   94.000     -3.571380E-01
   95.000     -3.719990E-01
   96.000     -3.869046E-01
   97.000     -4.006428E-01
   98.000     -4.143808E-01
   99.000     -4.281858E-01
  100.000     -4.407900E-01
  101.000     -4.547516E-01
  102.000     -4.675275E-01
  103.000     -4.791253E-01
  104.000     -4.921030E-01
  105.000     -5.039178E-01
  106.000     -5.145774E-01
  107.000     -5.266397E-01
  108.000     -5.375621E-01
  109.000     -5.473525E-01
  110.000     -5.585683E-01
  111.000     -5.686675E-01
  112.000     -5.776581E-01
  113.000     -5.880968E-01
  114.000     -5.961683E-01
  115.000     -6.057031E-01
  116.000     -6.141608E-01
  117.000     -6.228232E-01
  118.000     -6.316978E-01
  119.000     -6.395191E-01
  120.000     -6.462952E-01
  121.000     -6.545804E-01
  122.000     -6.605634E-01
  123.000     -6.680707E-01
  124.000     -6.745648E-01
  125.000     -6.813261E-01
  126.000     -6.870904E-01
  127.000     -6.931377E-01
  128.000     -6.982045E-01
  129.000     -7.035700E-01
  130.000     -7.092420E-01
  131.000     -7.138921E-01
  132.000     -7.189270E-01
  133.000     -7.230223E-01
  134.000     -7.274557E-01
  135.000     -7.309659E-01
  136.000     -7.348302E-01
  137.000     -7.390561E-01
  138.000     -7.423834E-01
  139.000     -7.448207E-01
  140.000     -7.476437E-01
  141.000     -7.508601E-01
  142.000     -7.532111E-01
  143.000     -7.547054E-01
  144.000     -7.566172E-01
  145.000     -7.589540E-01
  146.000     -7.604587E-01
  147.000     -7.611401E-01
  148.000     -7.622706E-01
  149.000     -7.638578E-01
  150.000     -7.646462E-01
  151.000     -7.646446E-01
  152.000     -7.651238E-01
  153.000     -7.660911E-01
  154.000     -7.650320E-01
  155.000     -7.657382E-01
  156.000     -7.644356E-01
  157.000     -7.649130E-01
  158.000     -7.633993E-01
  159.000     -7.624217E-01
  160.000     -7.619875E-01
  161.000     -7.595893E-01
  162.000     -7.590079E-01
  163.000     -7.577364E-01
  164.000     -7.557836E-01
  165.000     -7.530036E-01
  166.000     -7.509673E-01
  167.000     -7.495290E-01
  168.000     -7.461893E-01
  169.000     -7.434641E-01
  170.000     -7.413606E-01
  171.000     -7.386343E-01
  172.000     -7.352939E-01
  173.000     -7.313483E-01
  174.000     -7.280560E-01
  175.000     -7.254240E-01
  176.000     -7.209621E-01
  177.000     -7.171769E-01
  178.000     -7.140753E-01
  179.000     -7.091707E-01
  180.000     -7.062119E-01
  181.000     -7.014677E-01
  182.000     -6.974382E-01
  183.000     -6.928861E-01
  184.000     -6.878201E-01
  185.000     -6.822489E-01
  186.000     -6.774233E-01
  187.000     -6.733501E-01
  188.000     -6.675544E-01
  189.000     -6.625271E-01
  190.000     -6.570353E-01
  191.000     -6.523266E-01
  192.000     -6.459313E-01
  193.000     -6.403349E-01
  194.000     -6.343074E-01
  195.000     -6.290931E-01
  196.000     -6.234635E-01
  197.000     -6.174269E-01
  198.000     -6.107828E-01
  199.000     -6.039570E-01
  200.000     -5.979825E-01
  201.000     -5.916337E-01
  202.000     -5.849194E-01
  203.000     -5.790781E-01
  204.000     -5.716571E-01
  205.000     -5.651246E-01
  206.000     -5.582588E-01
  207.000     -5.510681E-01
  208.000     -5.447875E-01
  209.000     -5.369714E-01
  210.000     -5.300806E-01
  211.000     -5.228968E-01
  212.000     -5.166521E-01
  213.000     -5.089065E-01
  214.000     -5.008928E-01
  215.000     -4.938408E-01
  216.000     -4.865356E-01
  217.000     -4.789855E-01
  218.000     -4.711986E-01
  219.000     -4.644017E-01
  220.000     -4.561651E-01
  221.000     -4.489333E-01
  222.000     -4.414957E-01
  223.000     -4.326450E-01
  224.000     -4.248210E-01
  225.000     -4.180296E-01
  226.000     -4.098499E-01
  227.000     -4.015047E-01
  228.000     -3.942138E-01
  229.000     -3.855608E-01
  230.000     -3.779765E-01
  231.000     -3.690474E-01
  232.000     -3.609678E-01
  233.000     -3.530020E-01
  234.000     -3.449246E-01
  235.000     -3.367435E-01
  236.000     -3.284665E-01
  237.000     -3.213063E-01
  238.000     -3.128600E-01
  239.000     -3.043410E-01
  240.000     -2.957572E-01
  241.000     -2.883181E-01
  242.000     -2.796267E-01
  243.000     -2.720939E-01
  244.000     -2.633256E-01
  245.000     -2.557297E-01
  246.000     -2.469150E-01
  247.000     -2.392862E-01
  248.000     -2.304554E-01
  249.000     -2.228241E-01
  250.000     -2.140072E-01
  251.000     -2.064033E-01
  252.000     -1.976303E-01
  253.000     -1.900837E-01
  254.000     -1.813844E-01
  255.000     -1.739248E-01
  256.000     -1.653288E-01
  257.000     -1.579856E-01
  258.000     -1.495223E-01
  259.000     -1.411366E-01
  260.000     -1.340236E-01
  261.000     -1.258145E-01
  262.000     -1.177048E-01
  263.000     -1.097020E-01
  264.000     -1.018131E-01
  265.000     -9.381673E-02
  266.000     -8.617792E-02
  267.000     -7.867463E-02
  268.000     -7.013215E-02
  269.000     -6.292204E-02
  270.000     -5.586880E-02
  271.000     -4.779983E-02
  272.000     -3.990332E-02
  273.000     -3.218630E-02
  274.000     -2.465580E-02
  275.000     -1.731882E-02
  276.000     -1.018235E-02
  277.000     -3.253352E-03
  278.000      3.461213E-03
  279.000      1.112848E-02
  280.000      1.856607E-02
  281.000      2.576709E-02
  282.000      3.272466E-02
  283.000      3.943192E-02
  284.000      4.588201E-02
  285.000      5.323807E-02
  286.000      5.915267E-02
  287.000      6.595826E-02
  288.000      7.247810E-02
  289.000      7.987270E-02
  290.000      8.580008E-02
  291.000      9.258741E-02
  292.000      9.789538E-02
  293.000      1.052132E-01
  294.000      1.110383E-01
  295.000      1.165292E-01
  296.000      1.228420E-01
  297.000      1.288061E-01
  298.000      1.344148E-01
  299.000      1.398582E-01
  300.000      1.458953E-01
  301.000      1.515594E-01
  302.000      1.568498E-01
  303.000      1.617661E-01
  304.000      1.674654E-01
  305.000      1.727881E-01
  306.000      1.777338E-01
  307.000      1.823018E-01
  308.000      1.876470E-01
  309.000      1.926123E-01
  310.000      1.971970E-01
  311.000      2.014007E-01
  312.000      2.063757E-01
  313.000      2.109673E-01
  314.000      2.151750E-01
  315.000      2.201495E-01
  316.000      2.235869E-01
  317.000      2.277888E-01
  318.000      2.327530E-01
  319.000      2.361790E-01
  320.000      2.403649E-01
  321.000      2.453085E-01
  322.000      2.487127E-01
  323.000      2.528724E-01
  324.000      2.566388E-01
  325.000      2.600116E-01
  326.000      2.641353E-01
  327.000      2.678630E-01
  328.000      2.711941E-01
  329.000      2.752718E-01
  330.000      2.789506E-01
  331.000      2.822299E-01
  332.000      2.862514E-01
  333.000      2.888800E-01
  334.000      2.932379E-01
  335.000      2.960509E-01
  336.000      2.996006E-01
  337.000      3.027452E-01
  338.000      3.066233E-01
  339.000      3.089549E-01
  340.000      3.131566E-01
  341.000      3.158103E-01
  342.000      3.191924E-01
  343.000      3.221634E-01
  344.000      3.258597E-01
  345.000      3.280063E-01
  346.000      3.320118E-01
  347.000      3.344664E-01
  348.000      3.376409E-01
  349.000      3.403986E-01
  350.000      3.438732E-01
  351.000      3.469289E-01
  352.000      3.495649E-01
  353.000      3.529137E-01
  354.000      3.558406E-01
  355.000      3.594774E-01
  356.000      3.615581E-01
  357.000      3.643465E-01
  358.000      3.678407E-01
  359.000      3.709080E-01
  360.000      3.735476E-01
  361.000      3.768890E-01
  362.000      3.798007E-01
  363.000      3.834113E-01
  364.000      3.854607E-01
  365.000      3.893358E-01
  366.000      3.917519E-01
  367.000      3.947568E-01
  368.000      3.984539E-01
  369.000      4.017140E-01
  370.000      4.045363E-01
  371.000      4.069199E-01
  372.000      4.099908E-01
  373.000      4.137474E-01
  374.000      4.170619E-01
  375.000      4.199334E-01
  376.000      4.234868E-01
  377.000      4.265951E-01
  378.000      4.292574E-01
  379.000      4.325979E-01
  380.000      4.366150E-01
  381.000      4.401826E-01
  382.000      4.433000E-01
  383.000      4.470903E-01
  384.000      4.504282E-01
  385.000      4.533129E-01
  386.000      4.568668E-01
  387.000      4.610883E-01
  388.000      4.648533E-01
  389.000      4.681606E-01
  390.000      4.721321E-01
  391.000      4.756439E-01
  392.000      4.798173E-01
  393.000      4.835288E-01
  394.000      4.867777E-01
  395.000      4.906846E-01
  396.000      4.952480E-01
  397.000      4.993454E-01
  398.000      5.029759E-01
  399.000      5.072594E-01
  400.000      5.122471E-01
  401.000      5.167105E-01
  402.000      5.207026E-01
  403.000      5.253429E-01
  404.000      5.295099E-01
  405.000      5.343228E-01
  406.000      5.386602E-01
  407.000      5.436411E-01
  408.000      5.481443E-01
  409.000      5.532889E-01
  410.000      5.579536E-01
  411.000      5.277987E-01
  412.000      5.306488E-01
  413.000      5.321045E-01
  414.000      5.352930E-01
  415.000      5.372320E-01
  416.000      5.388758E-01
  417.000      5.411797E-01
  418.000      5.433297E-01
  419.000      5.462791E-01
  420.000      5.477362E-01
  421.000      5.501315E-01
  422.000      5.522558E-01
  423.000      5.539848E-01
  424.000      5.555806E-01
  425.000      5.579972E-01
  426.000      5.600326E-01
  427.000      5.619444E-01
  428.000      5.636099E-01
  429.000      5.649089E-01
  430.000      5.671716E-01
  431.000      5.681239E-01
  432.000      5.697995E-01
  433.000      5.724470E-01
  434.000      5.737974E-01
  435.000      5.748092E-01
  436.000      5.768022E-01
  437.000      5.785848E-01
  438.000      5.800422E-01
  439.000      5.814174E-01
  440.000      5.825948E-01
  441.000      5.845315E-01
  442.000      5.853259E-01
  443.000      5.870046E-01
  444.000      5.883849E-01
  445.000      5.897038E-01
  446.000      5.908487E-01
  447.000      5.917090E-01
  448.000      5.935859E-01
  449.000      5.942336E-01
  450.000      5.956764E-01
  451.000      5.970786E-01
  452.000      5.972652E-01
  453.000      5.993235E-01
  454.000      6.002870E-01
  455.000      6.011123E-01
  456.000      6.016922E-01
  457.000      6.033161E-01
  458.000      6.037507E-01
  459.000      6.050147E-01
  460.000      6.062701E-01
  461.000      6.063495E-01
  462.000      6.072700E-01
  463.000      6.081927E-01
  464.000      6.090122E-01
  465.000      6.106832E-01
  466.000      6.113081E-01
  467.000      6.118417E-01
  468.000      6.121804E-01
  469.000      6.136005E-01
  470.000      6.138836E-01
  471.000      6.150405E-01
  472.000      6.151761E-01
  473.000      6.162991E-01
  474.000      6.172513E-01
  475.000      6.171946E-01
  476.000      6.181357E-01
  477.000      6.189180E-01
  478.000      6.197569E-01
  479.000      6.194980E-01
  480.000      6.201452E-01
  481.000      6.208602E-01
  482.000      6.215413E-01
  483.000      6.220877E-01
  484.000      6.227129E-01
  485.000      6.233157E-01
  486.000      6.237955E-01
  487.000      6.243653E-01
  488.000      6.238758E-01
  489.000      6.243238E-01
  490.000      6.248728E-01
  491.000      6.254224E-01
  492.000      6.258720E-01
  493.000      6.264340E-01
  494.000      6.270078E-01
  495.000      6.274929E-01
  496.000      6.270569E-01
  497.000      6.276892E-01
  498.000      6.282440E-01
  499.000      6.289336E-01
  500.000      6.286146E-01
  501.000      6.292726E-01
  502.000      6.290347E-01
  503.000      6.298846E-01
  504.000      6.296380E-01
  505.000      6.305902E-01
  506.000      6.305588E-01
  507.000      6.304836E-01
  508.000      6.316172E-01
  509.000      6.317796E-01
  510.000      6.319088E-01
  511.000      6.322188E-01
  512.000      6.326083E-01
  513.000      6.329751E-01
  514.000      6.324975E-01
  515.000      6.331473E-01
  516.000      6.327492E-01
  517.000      6.335907E-01
  518.000      6.334986E-01
  519.000      6.334054E-01
  520.000      6.345619E-01
  521.000      6.347970E-01
  522.000      6.350409E-01
  523.000      6.344795E-01
  524.000      6.350710E-01
  525.000      6.356720E-01
  526.000      6.354652E-01
  527.000      6.353723E-01
  528.000      6.352819E-01
  529.000      6.364389E-01
  530.000      6.366725E-01
  531.000      6.358720E-01
  532.000      6.363120E-01
  533.000      6.368515E-01
  534.000      6.373781E-01
  535.000      6.370824E-01
  536.000      6.368801E-01
  537.000      6.376842E-01
  538.000      6.376609E-01
  539.000      6.377239E-01
  540.000      6.377598E-01
  541.000      6.379882E-01
  542.000      6.382959E-01
  543.000      6.385690E-01
  544.000      6.390280E-01
  545.000      6.385371E-01
  546.000      6.390271E-01
  547.000      6.386750E-01
  548.000      6.394100E-01
  549.000      6.390756E-01
  550.000      6.389148E-01
  551.000      6.388134E-01
  552.000      6.396755E-01
  553.000      6.396852E-01
  554.000      6.397475E-01
  555.000      6.397473E-01
  556.000      6.399074E-01
  557.000      6.401132E-01
  558.000      6.392336E-01
  559.000      6.395242E-01
  560.000      6.398535E-01
  561.000      6.401066E-01
  562.000      6.394926E-01
  563.000      6.399252E-01
  564.000      6.392615E-01
  565.000      6.397518E-01
  566.000      6.392553E-01
  567.000      6.396815E-01
  568.000      6.392302E-01
  569.000      6.398092E-01
  570.000      6.392814E-01
  571.000      6.388815E-01
  572.000      6.395039E-01
  573.000      6.390143E-01
  574.000      6.386460E-01
  575.000      6.382839E-01
  576.000      6.388206E-01
  577.000      6.384640E-01
  578.000      6.381070E-01
  579.000      6.376350E-01
  580.000      6.372709E-01
  581.000      6.379049E-01
  582.000      6.374120E-01
  583.000      6.370202E-01
  584.000      6.366151E-01
  585.000      6.360823E-01
  586.000      6.366466E-01
  587.000      6.361878E-01
  588.000      6.355953E-01
  589.000      6.350904E-01
  590.000      6.345592E-01
  591.000      6.348885E-01
  592.000      6.362977E-01
  593.000      6.326751E-01
  594.000      6.289097E-01
  595.000      6.352057E-01
  596.000      6.314761E-01
  597.000      6.275976E-01
  598.000      6.337599E-01
  599.000      6.299041E-01
  600.000      6.258936E-01
  601.000      6.319032E-01
  602.000      6.279023E-01
  603.000      6.237410E-01
  604.000      6.295791E-01
  605.000      6.254143E-01
  606.000      6.310173E-01
  607.000      6.267313E-01
  608.000      6.223838E-01
  609.000      6.277848E-01
  610.000      6.233036E-01
  611.000      6.187549E-01
  612.000      6.239353E-01
  613.000      6.192405E-01
  614.000      6.243695E-01
  615.000      6.194134E-01
  616.000      6.243752E-01
  617.000      6.193635E-01
  618.000      6.141637E-01
  619.000      6.188614E-01
  620.000      6.135931E-01
  621.000      6.179977E-01
  622.000      6.125467E-01
  623.000      6.168611E-01
  624.000      6.111144E-01
  625.000      6.152252E-01
  626.000      6.093841E-01
  627.000      6.131794E-01
  628.000      6.071314E-01
  629.000      6.108107E-01
  630.000      6.044448E-01
  631.000      6.078964E-01
  632.000      6.014104E-01
  633.000      6.045244E-01
  634.000      5.978075E-01
  635.000      6.007797E-01
  636.000      5.937230E-01
  637.000      5.964438E-01
  638.000      5.990340E-01
  639.000      5.916027E-01
  640.000      5.939296E-01
  641.000      5.961199E-01
  642.000      5.882965E-01
  643.000      5.902118E-01
  644.000      5.919846E-01
  645.000      5.837513E-01
  646.000      5.852375E-01
  647.000      5.865753E-01
  648.000      5.779147E-01
  649.000      5.789541E-01
  650.000      5.798394E-01
  651.000     -1.855181E-02
  652.000     -2.927525E-02
  653.000     -3.943123E-02
  654.000     -5.022428E-02
  655.000     -6.045300E-02
  656.000     -7.071935E-02
  657.000     -7.232403E-02
  658.000     -8.266933E-02
  659.000     -9.305364E-02
  660.000     -1.040709E-01
  661.000     -1.145334E-01
  662.000     -1.163471E-01
  663.000     -1.268931E-01
  664.000     -1.282062E-01
  665.000     -1.394262E-01
  666.000     -1.500998E-01
  667.000     -1.515512E-01
  668.000     -1.628978E-01
  669.000     -1.644442E-01
  670.000     -1.758780E-01
  671.000     -1.775211E-01
  672.000     -1.884655E-01
  673.000     -1.907857E-01
  674.000     -1.925792E-01
  675.000     -2.042414E-01
  676.000     -2.061361E-01
  677.000     -2.080841E-01
  678.000     -2.106562E-01
  679.000     -2.219413E-01
  680.000     -2.240477E-01
  681.000     -2.267756E-01
  682.000     -2.289911E-01
  683.000     -2.318262E-01
  684.000     -2.341526E-01
  685.000     -2.457503E-01
  686.000     -2.487475E-01
  687.000     -2.512417E-01
  688.000     -2.537941E-01
  689.000     -2.569600E-01
  690.000     -2.596286E-01
  691.000     -2.629086E-01
  692.000     -2.656951E-01
  693.000     -2.685419E-01
  694.000     -2.628055E-01
  695.000     -2.657755E-01
  696.000     -2.688071E-01
  697.000     -2.724438E-01
  698.000     -2.755987E-01
  699.000     -2.793563E-01
  700.000     -2.734589E-01
  701.000     -2.768051E-01
  702.000     -2.807508E-01
  703.000     -2.842246E-01
  704.000     -2.791274E-01
  705.000     -2.827331E-01
  706.000     -2.864048E-01
  707.000     -2.815088E-01
  708.000     -2.853150E-01
  709.000     -2.891886E-01
  710.000     -2.844974E-01
  711.000     -2.885081E-01
  712.000     -2.839557E-01
  713.000     -2.881051E-01
  714.000     -2.923241E-01
  715.000     -2.879830E-01
  716.000     -2.923433E-01
  717.000     -2.876351E-01
  718.000     -2.926486E-01
  719.000     -2.880885E-01
  720.000     -2.841096E-01
  721.000     -2.888330E-01
  722.000     -2.845000E-01
  723.000     -2.898720E-01
  724.000     -2.856914E-01
  725.000     -2.907131E-01
  726.000     -2.871824E-01
  727.000     -2.832354E-01
  728.000     -2.889765E-01
  729.000     -2.851861E-01
  730.000     -2.814765E-01
  731.000     -2.874449E-01
  732.000     -2.838945E-01
  733.000     -2.804262E-01
  734.000     -2.775195E-01
  735.000     -2.833192E-01
  736.000     -2.805713E-01
  737.000     -2.774300E-01
  738.000     -2.743728E-01
  739.000     -2.809669E-01
  740.000     -2.780758E-01
  741.000     -2.757358E-01
  742.000     -2.730141E-01
  743.000     -2.794685E-01
  744.000     -2.773779E-01
  745.000     -2.749129E-01
  746.000     -2.725355E-01
  747.000     -2.706998E-01
  748.000     -2.684970E-01
  749.000     -2.668325E-01
  750.000     -2.738832E-01
  751.000     -2.719447E-01
  752.000     -2.705397E-01
  753.000     -2.687795E-01
  754.000     -2.671087E-01
  755.000     -2.659635E-01
  756.000     -2.644666E-01
  757.000     -2.634895E-01
  758.000     -2.621627E-01
  759.000     -2.699822E-01
  760.000     -2.692496E-01
  761.000     -2.681704E-01
  762.000     -2.671729E-01
  763.000     -2.666783E-01
  764.000     -2.658398E-01
  765.000     -2.654986E-01
  766.000     -2.648154E-01
  767.000     -2.642093E-01
  768.000     -2.640924E-01
  769.000     -2.636360E-01
  770.000     -2.636636E-01
  771.000     -2.633532E-01
  772.000     -2.631152E-01
  773.000     -2.633535E-01
  774.000     -2.632560E-01
  775.000     -2.632282E-01
  776.000     -2.636690E-01
  777.000     -2.637762E-01
  778.000     -2.643470E-01
  779.000     -2.645854E-01
  780.000     -2.648889E-01
  781.000     -2.656488E-01
  782.000     -2.660781E-01
  783.000     -2.665696E-01
  784.000     -2.675104E-01
  785.000     -2.681223E-01
  786.000     -2.601613E-01
  787.000     -2.608915E-01
  788.000     -2.616793E-01
  789.000     -2.629051E-01
  790.000     -2.638041E-01
  791.000     -2.647581E-01
  792.000     -2.661434E-01
  793.000     -2.672031E-01
  794.000     -2.686899E-01
  795.000     -2.698517E-01
  796.000     -2.710639E-01
  797.000     -2.636965E-01
  798.000     -2.650070E-01
  799.000     -2.667343E-01
  800.000     -2.681380E-01
  801.000     -2.695874E-01
  802.000     -2.714477E-01
  803.000     -2.729849E-01
  804.000     -2.745651E-01
  805.000     -2.675620E-01
  806.000     -2.692261E-01
  807.000     -2.712916E-01
  808.000     -2.730345E-01
  809.000     -2.748159E-01
  810.000     -2.769931E-01
  811.000     -2.698684E-01
  812.000     -2.717606E-01
  813.000     -2.740434E-01
  814.000     -2.760035E-01
  815.000     -2.783509E-01
  816.000     -2.803756E-01
  817.000     -2.734608E-01
  818.000     -2.759006E-01
  819.000     -2.780172E-01
  820.000     -2.801624E-01
  821.000     -2.826851E-01
  822.000     -2.759206E-01
  823.000     -2.784956E-01
  824.000     -2.807464E-01
  825.000     -2.830212E-01
  826.000     -2.856661E-01
  827.000     -2.790297E-01
  828.000     -2.817181E-01
  829.000     -2.840809E-01
  830.000     -2.864632E-01
  831.000     -2.802580E-01
  832.000     -2.826780E-01
  833.000     -2.851150E-01
  834.000     -2.879109E-01
  835.000     -2.814338E-01
  836.000     -2.842595E-01
  837.000     -2.867562E-01
  838.000     -2.892653E-01
  839.000     -2.921271E-01
  840.000     -2.857205E-01
  841.000     -2.882630E-01
  842.000     -2.911548E-01
  843.000     -2.937140E-01
  844.000     -2.876882E-01
  845.000     -2.902622E-01
  846.000     -2.928417E-01
  847.000     -2.957650E-01
  848.000     -2.894260E-01
  849.000     -2.920184E-01
  850.000     -2.949530E-01
  851.000     -2.975519E-01
  852.000     -2.915718E-01
  853.000     -2.941788E-01
  854.000     -2.967891E-01
  855.000     -2.908239E-01
  856.000     -2.934423E-01
  857.000     -2.964019E-01
  858.000     -2.990267E-01
  859.000     -2.927434E-01
  860.000     -2.957140E-01
  861.000     -2.983502E-01
  862.000     -3.009897E-01
  863.000     -2.950636E-01
  864.000     -2.977111E-01
  865.000     -3.006987E-01
  866.000     -2.944507E-01
  867.000     -2.971096E-01
  868.000     -3.001080E-01
  869.000     -3.027733E-01
  870.000     -2.965454E-01
  871.000     -2.995547E-01
  872.000     -3.022312E-01
  873.000     -2.963542E-01
  874.000     -2.990387E-01
  875.000     -3.017265E-01
  876.000     -3.047527E-01
  877.000     -2.985600E-01
  878.000     -3.012590E-01
  879.000     -3.042960E-01
  880.000     -2.981184E-01
  881.000     -3.011631E-01
  882.000     -3.038764E-01
  883.000     -2.977140E-01
  884.000     -3.007694E-01
  885.000     -3.034939E-01
  886.000     -3.065555E-01
  887.000     -3.004128E-01
  888.000     -3.031485E-01
  889.000     -3.062207E-01
  890.000     -3.000932E-01
  891.000     -3.028400E-01
  892.000     -3.059229E-01
  893.000     -2.998104E-01
  894.000     -3.029010E-01
  895.000     -3.056620E-01
  896.000     -2.995645E-01
  897.000     -3.026657E-01
  898.000     -3.054378E-01
  899.000     -2.993553E-01
  900.000     -3.024672E-01
  901.000     -3.052504E-01
  902.000     -2.995144E-01
  903.000     -3.023054E-01
  904.000     -3.050996E-01
  905.000     -2.993782E-01
  906.000     -3.021803E-01
  907.000     -3.049855E-01
  908.000     -3.081246E-01
  909.000     -3.020916E-01
  910.000     -3.052383E-01
  911.000     -3.080576E-01
  912.000     -3.020395E-01
  913.000     -3.051967E-01
  914.000     -3.080270E-01
  915.000     -3.023535E-01
  916.000     -3.051916E-01
  917.000     -3.080328E-01
  918.000     -3.023738E-01
  919.000     -3.052228E-01
  920.000     -3.080750E-01
  921.000     -3.024304E-01
  922.000     -3.052903E-01
  923.000     -2.996555E-01
  924.000     -3.025232E-01
  925.000     -3.053940E-01
  926.000     -2.997736E-01
  927.000     -3.026521E-01
  928.000     -3.055339E-01
  929.000     -2.999278E-01
  930.000     -3.028172E-01
  931.000     -3.060373E-01
  932.000     -3.001181E-01
  933.000     -3.030184E-01
  934.000     -3.062489E-01
  935.000     -3.003444E-01
  936.000     -3.032555E-01
  937.000     -3.064964E-01
  938.000     -3.006066E-01
  939.000     -3.038549E-01
  940.000     -3.067799E-01
  941.000     -3.009047E-01
  942.000     -3.041634E-01
  943.000     -2.982983E-01
  944.000     -3.012386E-01
  945.000     -3.045077E-01
  946.000     -2.986572E-01
  947.000     -3.019336E-01
  948.000     -3.048877E-01
  949.000     -2.990518E-01
  950.000     -3.023386E-01
  951.000     -3.053034E-01
  952.000     -2.998067E-01
  953.000     -3.027792E-01
  954.000     -2.969678E-01
  955.000     -3.002722E-01
  956.000     -3.032553E-01
  957.000     -2.974585E-01
  958.000     -3.007732E-01
  959.000     -3.037670E-01
  960.000     -2.983082E-01
  961.000     -3.013096E-01
  962.000     -3.043141E-01
  963.000     -2.988694E-01
  964.000     -3.018814E-01
  965.000     -2.961235E-01
  966.000     -2.994660E-01
  967.000     -3.024886E-01
  968.000     -2.970676E-01
  969.000     -3.000978E-01
  970.000     -3.031311E-01
  971.000     -2.977241E-01
  972.000     -3.007649E-01
  973.000     -2.950457E-01
  974.000     -2.984158E-01
  975.000     -3.014672E-01
  976.000     -2.960837E-01
  977.000     -2.991426E-01
  978.000     -3.022045E-01
  979.000     -2.968350E-01
  980.000     -2.999044E-01
  981.000     -2.945445E-01
  982.000     -2.976214E-01
  983.000     -3.007013E-01
  984.000     -2.953552E-01
  985.000     -2.984426E-01
  986.000     -2.927860E-01
  987.000     -2.962009E-01
  988.000     -2.992987E-01
  989.000     -2.939761E-01
  990.000     -2.970814E-01
  991.000     -3.001897E-01
  992.000     -2.948809E-01
  993.000     -2.979966E-01
  994.000     -2.923783E-01
  995.000     -2.958204E-01
  996.000     -2.989465E-01
  997.000     -2.936609E-01
  998.000     -2.967945E-01
  999.000     -2.912001E-01
 1000.000     -2.946593E-01
 1001.000     -2.978032E-01
 1002.000     -2.922229E-01
 1003.000     -2.956921E-01
 1004.000     -2.901215E-01
 1005.000     -2.935978E-01
 1006.000     -2.967594E-01
 1007.000     -2.912030E-01
 1008.000     -2.946892E-01
 1009.000     -2.978611E-01
 1010.000     -2.926356E-01
 1011.000     -2.958149E-01
 1012.000     -2.902822E-01
 1013.000     -2.937854E-01
 1014.000     -2.969749E-01
 1015.000     -2.914563E-01
 1016.000     -2.949693E-01
 1017.000     -2.894602E-01
 1018.000     -2.929803E-01
 1019.000     -2.961874E-01
 1020.000     -2.906924E-01
 1021.000     -2.942223E-01
 1022.000     -2.887368E-01
 1023.000     -2.919586E-01
 1024.000     -2.954983E-01
 1025.000     -2.900268E-01
 1026.000     -2.935736E-01
 1027.000     -2.881116E-01
 1028.000     -2.913508E-01
 1029.000     -2.862128E-01
 1030.000     -2.894593E-01
 1031.000     -2.927087E-01
 1032.000     -2.875843E-01
 1033.000     -2.908409E-01
 1034.000     -2.857257E-01
 1035.000     -2.889895E-01
 1036.000     -2.922563E-01
 1037.000     -2.871546E-01
 1038.000     -2.904285E-01
 1039.000     -2.853360E-01
 1040.000     -2.886171E-01
 1041.000     -2.919012E-01
 1042.000     -2.868221E-01
 1043.000     -2.901133E-01
 1044.000     -2.847311E-01
 1045.000     -2.883418E-01
 1046.000     -2.916431E-01
 1047.000     -2.865866E-01
 1048.000     -2.898951E-01
 1049.000     -2.845360E-01
 1050.000     -2.881633E-01
 1051.000     -2.828136E-01
 1052.000     -2.861365E-01
 1053.000     -2.897734E-01
 1054.000     -2.844375E-01
 1055.000     -2.880813E-01
 1056.000     -2.827547E-01
 1057.000     -2.860947E-01
 1058.000     -2.897481E-01
 1059.000     -2.844352E-01
 1060.000     -2.877851E-01
 1061.000     -2.827919E-01
 1062.000     -2.861489E-01
 1063.000     -2.811648E-01
 1064.000     -2.845289E-01
 1065.000     -2.878958E-01
 1066.000     -2.829249E-01
 1067.000     -2.862989E-01
 1068.000     -2.813371E-01
 1069.000     -2.847181E-01
 1070.000     -2.794563E-01
 1071.000     -2.831534E-01
 1072.000     -2.865443E-01
 1073.000     -2.812961E-01
 1074.000     -2.850027E-01
 1075.000     -2.797638E-01
 1076.000     -2.834771E-01
 1077.000     -2.782474E-01
 1078.000     -2.816595E-01
 1079.000     -2.853823E-01
 1080.000     -2.801662E-01
 1081.000     -2.835881E-01
 1082.000     -2.786888E-01
 1083.000     -2.821177E-01
 1084.000     -2.772273E-01
 1085.000     -2.806632E-01
 1086.000     -2.841019E-01
 1087.000     -2.792246E-01
 1088.000     -2.826703E-01
 1089.000     -2.774954E-01
 1090.000     -2.812546E-01
 1091.000     -2.760889E-01
 1092.000     -2.798547E-01
 1093.000     -2.746982E-01
 1094.000     -2.781648E-01
 1095.000     -2.819400E-01
 1096.000     -2.767969E-01
 1097.000     -2.805788E-01
 1098.000     -2.754448E-01
 1099.000     -2.789280E-01
 1100.000     -2.741085E-01
 1101.000     -2.775986E-01
 1102.000     -2.810915E-01
 1103.000     -2.762850E-01
 1104.000     -2.797847E-01
 1105.000     -2.749870E-01
 1106.000     -2.784937E-01
 1107.000     -2.734006E-01
 1108.000     -2.772184E-01
 1109.000     -2.721343E-01
 1110.000     -2.756548E-01
 1111.000     -2.708838E-01
 1112.000     -2.744111E-01
 1113.000     -2.782448E-01
 1114.000     -2.731831E-01
 1115.000     -2.767200E-01
 1116.000     -2.719707E-01
 1117.000     -2.755144E-01
 1118.000     -2.704710E-01
 1119.000     -2.743244E-01
 1120.000     -2.692900E-01
 1121.000     -2.731501E-01
 1122.000     -2.681246E-01
 1123.000     -2.716889E-01
 1124.000     -2.755581E-01
 1125.000     -2.705459E-01
 1126.000     -2.744216E-01
 1127.000     -2.694184E-01
 1128.000     -2.729990E-01
 1129.000     -2.683064E-01
 1130.000     -2.718938E-01
 1131.000     -2.669086E-01
 1132.000     -2.708040E-01
 1133.000     -2.658278E-01
 1134.000     -2.697298E-01
 1135.000     -2.733333E-01
 1136.000     -2.683702E-01
 1137.000     -2.722812E-01
 1138.000     -2.673271E-01
 1139.000     -2.709442E-01
 1140.000     -2.662993E-01
 1141.000     -2.699232E-01
 1142.000     -2.652869E-01
 1143.000     -2.689175E-01
 1144.000     -2.639902E-01
 1145.000     -2.679272E-01
 1146.000     -2.630088E-01
 1147.000     -2.666529E-01
 1148.000     -2.620427E-01
 1149.000     -2.656935E-01
 1150.000     -2.696459E-01
 1151.000     -2.647494E-01
 1152.000     -2.684095E-01
 1153.000     -2.638206E-01
 1154.000     -2.674874E-01
 1155.000     -2.629070E-01
 1156.000     -2.665805E-01
 1157.000     -2.617106E-01
 1158.000     -2.656888E-01
 1159.000     -2.608278E-01
 1160.000     -2.645146E-01
 1161.000     -2.599601E-01
 1162.000     -2.636536E-01
 1163.000     -2.591077E-01
 1164.000     -2.628078E-01
 1165.000     -2.579733E-01
 1166.000     -2.619771E-01
 1167.000     -2.571514E-01
 1168.000     -2.608648E-01
 1169.000     -2.563446E-01
 1170.000     -2.600646E-01
 1171.000     -2.640836E-01
 1172.000     -2.592796E-01
 1173.000     -2.630087E-01
 1174.000     -2.585096E-01
 1175.000     -2.622453E-01
 1176.000     -2.574589E-01
 1177.000     -2.614970E-01
 1178.000     -2.567193E-01
 1179.000     -2.607636E-01
 1180.000     -2.559947E-01
 1181.000     -2.597502E-01
 1182.000     -2.552851E-01
 1183.000     -2.590471E-01
 1184.000     -2.542957E-01
 1185.000     -2.583591E-01
 1186.000     -2.536163E-01
 1187.000     -2.576860E-01
 1188.000     -2.529519E-01
 1189.000     -2.567336E-01
 1190.000     -2.523024E-01
 1191.000     -2.560906E-01
 1192.000     -2.516679E-01
 1193.000     -2.554626E-01
 1194.000     -2.507546E-01
 1195.000     -2.548494E-01
 1196.000     -2.501501E-01
 1197.000     -2.539578E-01
 1198.000     -2.495604E-01
 1199.000     -2.533746E-01
 1200.000     -2.489856E-01
 1201.000     -2.528062E-01
 1202.000     -2.481329E-01
 1203.000     -2.522527E-01
 1204.000     -2.475880E-01
 1205.000     -2.514216E-01
 1206.000     -2.470578E-01
 1207.000     -2.508979E-01
 1208.000     -2.465424E-01
 1209.000     -2.503889E-01
 1210.000     -2.457501E-01
 1211.000     -2.498947E-01
 1212.000     -2.452644E-01
 1213.000     -2.491239E-01
 1214.000     -2.447935E-01
 1215.000     -2.486593E-01
 1216.000     -2.443372E-01
 1217.000     -2.482095E-01
 1218.000     -2.436050E-01
 1219.000     -2.477743E-01
 1220.000     -2.431783E-01
 1221.000     -2.473537E-01
 1222.000     -2.427663E-01
 1223.000     -2.466577E-01
 1224.000     -2.423689E-01
 1225.000     -2.462667E-01
 1226.000     -2.416963E-01
 1227.000     -2.458902E-01
 1228.000     -2.413284E-01
 1229.000     -2.455284E-01
 1230.000     -2.409750E-01
 1231.000     -2.448919E-01
 1232.000     -2.406362E-01
 1233.000     -2.445594E-01
 1234.000     -2.400231E-01
 1235.000     -2.442414E-01
 1236.000     -2.397136E-01
 1237.000     -2.439379E-01
 1238.000     -2.394185E-01
 1239.000     -2.349037E-01
 1240.000     -2.391380E-01
 1241.000     -2.346316E-01
 1242.000     -2.385840E-01
 1243.000     -2.343740E-01
 1244.000     -2.383326E-01
 1245.000     -2.341307E-01
 1246.000     -2.380957E-01
 1247.000     -2.336147E-01
 1248.000     -2.378731E-01
 1249.000     -2.334005E-01
 1250.000     -2.376650E-01
 1251.000     -2.332007E-01
 1252.000     -2.371845E-01
 1253.000     -2.330153E-01
 1254.000     -2.370053E-01
 1255.000     -2.325579E-01
 1256.000     -2.368405E-01
 1257.000     -2.324014E-01
 1258.000     -2.282530E-01
 1259.000     -2.322593E-01
 1260.000     -2.278331E-01
 1261.000     -2.321314E-01
 1262.000     -2.277136E-01
 1263.000     -2.317324E-01
 1264.000     -2.276083E-01
 1265.000     -2.316333E-01
 1266.000     -2.275173E-01
 1267.000     -2.315485E-01
 1268.000     -2.271557E-01
 1269.000     -2.314778E-01
 1270.000     -2.270933E-01
 1271.000     -2.311369E-01
 1272.000     -2.270452E-01
 1273.000     -2.226736E-01
 1274.000     -2.270113E-01
 1275.000     -2.226479E-01
 1276.000     -2.267076E-01
 1277.000     -2.226364E-01
 1278.000     -2.267022E-01
 1279.000     -2.226390E-01
 1280.000     -2.267109E-01
 1281.000     -2.223724E-01
 1282.000     -2.267338E-01
 1283.000     -2.224035E-01
 1284.000     -2.264878E-01
 1285.000     -2.224487E-01
 1286.000     -2.181312E-01
 1287.000     -2.225081E-01
 1288.000     -2.181988E-01
 1289.000     -2.222992E-01
 1290.000     -2.182806E-01
 1291.000     -2.223872E-01
 1292.000     -2.180946E-01
 1293.000     -2.224893E-01
 1294.000     -2.182050E-01
 1295.000     -2.142069E-01
 1296.000     -2.183296E-01
 1297.000     -2.140582E-01
 1298.000     -2.184685E-01
 1299.000     -2.142054E-01
 1300.000     -2.183406E-01
 1301.000     -2.143668E-01
 1302.000     -2.185082E-01
 1303.000     -2.145426E-01
 1304.000     -2.103006E-01
 1305.000     -2.144521E-01
 1306.000     -2.104990E-01
 1307.000     -2.146567E-01
 1308.000     -2.107117E-01
 1309.000     -2.148756E-01
 1310.000     -2.106588E-01
 1311.000     -2.151089E-01
 1312.000     -2.109004E-01
 1313.000     -2.066965E-01
 1314.000     -2.111565E-01
 1315.000     -2.069609E-01
 1316.000     -2.114269E-01
 1317.000     -2.072397E-01
 1318.000     -2.114327E-01
 1319.000     -2.075329E-01
 1320.000     -2.033587E-01
 1321.000     -2.075619E-01
 1322.000     -2.036748E-01
 1323.000     -2.078843E-01
 1324.000     -2.040053E-01
 1325.000     -2.082211E-01
 1326.000     -2.040722E-01
 1327.000     -2.002059E-01
 1328.000     -2.044319E-01
 1329.000     -2.002961E-01
 1330.000     -2.048062E-01
 1331.000     -2.006788E-01
 1332.000     -2.051949E-01
 1333.000     -2.010760E-01
 1334.000     -1.969617E-01
 1335.000     -2.014878E-01
 1336.000     -1.973819E-01
 1337.000     -2.019141E-01
 1338.000     -1.978167E-01
 1339.000     -2.020785E-01
 1340.000     -1.982661E-01
 1341.000     -1.941818E-01
 1342.000     -1.984539E-01
 1343.000     -1.946543E-01
 1344.000     -1.989328E-01
 1345.000     -1.951414E-01
 1346.000     -1.994263E-01
 1347.000     -1.953676E-01
 1348.000     -1.915890E-01
 1349.000     -1.958843E-01
 1350.000     -1.918387E-01
 1351.000     -1.964157E-01
 1352.000     -1.923786E-01
 1353.000     -1.886211E-01
 1354.000     -1.929332E-01
 1355.000     -1.889094E-01
 1356.000     -1.935026E-01
 1357.000     -1.894873E-01
 1358.000     -1.938124E-01
 1359.000     -1.900799E-01
 1360.000     -1.860778E-01
 1361.000     -1.906873E-01
 1362.000     -1.866938E-01
 1363.000     -1.910358E-01
 1364.000     -1.873246E-01
 1365.000     -1.833443E-01
 1366.000     -1.879702E-01
 1367.000     -1.839984E-01
 1368.000     -1.883574E-01
 1369.000     -1.846674E-01
 1370.000     -1.807090E-01
 1371.000     -1.850785E-01
 1372.000     -1.814015E-01
 1373.000     -1.857775E-01
 1374.000     -1.821088E-01
 1375.000     -1.864914E-01
 1376.000     -1.825589E-01
 1377.000     -1.789031E-01
 1378.000     -1.832963E-01
 1379.000     -1.793771E-01
 1380.000     -1.840486E-01
 1381.000     -1.801380E-01
 1382.000     -1.765037E-01
 1383.000     -1.809140E-01
 1384.000     -1.770168E-01
 1385.000     -1.817049E-01
 1386.000     -1.778163E-01
 1387.000     -1.739325E-01
 1388.000     -1.786309E-01
 1389.000     -1.747557E-01
 1390.000     -1.794604E-01
 1391.000     -1.755939E-01
 1392.000     -1.717322E-01
 1393.000     -1.764472E-01
 1394.000     -1.725941E-01
 1395.000     -1.770456E-01
 1396.000     -1.734712E-01
 1397.000     -1.696315E-01
 1398.000     -1.743633E-01
 1399.000     -1.705323E-01
 1400.000     -1.667062E-01
 1401.000     -1.714482E-01
 1402.000     -1.676308E-01
 1403.000     -1.723793E-01
 1404.000     -1.685705E-01
 1405.000     -1.647666E-01
 1406.000     -1.695254E-01
 1407.000     -1.657302E-01
 1408.000     -1.702272E-01
 1409.000     -1.667090E-01
 1410.000     -1.629273E-01
 1411.000     -1.677030E-01
 1412.000     -1.639300E-01
 1413.000     -1.684445E-01
 1414.000     -1.649480E-01
 1415.000     -1.611886E-01
 1416.000     -1.657138E-01
 1417.000     -1.622305E-01
 1418.000     -1.584847E-01
 1419.000     -1.632877E-01
 1420.000     -1.595507E-01
 1421.000     -1.640934E-01
 1422.000     -1.606319E-01
 1423.000     -1.569084E-01
 1424.000     -1.614621E-01
 1425.000     -1.580138E-01
 1426.000     -1.625742E-01
 1427.000     -1.591345E-01
 1428.000     -1.554334E-01
 1429.000     -1.600047E-01
 1430.000     -1.565783E-01
 1431.000     -1.528909E-01
 1432.000     -1.577385E-01
 1433.000     -1.540599E-01
 1434.000     -1.586489E-01
 1435.000     -1.552443E-01
 1436.000     -1.515794E-01
 1437.000     -1.561793E-01
 1438.000     -1.527881E-01
 1439.000     -1.491368E-01
 1440.000     -1.540122E-01
 1441.000     -1.503698E-01
 1442.000     -1.549875E-01
 1443.000     -1.516183E-01
 1444.000     -1.479896E-01
 1445.000     -1.526183E-01
 1446.000     -1.492624E-01
 1447.000     -1.456474E-01
 1448.000     -1.505506E-01
 1449.000     -1.469446E-01
 1450.000     -1.515911E-01
 1451.000     -1.482573E-01
 1452.000     -1.446650E-01
 1453.000     -1.493226E-01
 1454.000     -1.460021E-01
 1455.000     -1.424236E-01
 1456.000     -1.473548E-01
 1457.000     -1.437852E-01
 1458.000     -1.402205E-01
 1459.000     -1.451624E-01
 1460.000     -1.416066E-01
 1461.000     -1.465552E-01
 1462.000     -1.430083E-01
 1463.000     -1.394664E-01
 1464.000     -1.444257E-01
 1465.000     -1.408927E-01
 1466.000     -1.373646E-01
 1467.000     -1.423346E-01
 1468.000     -1.388155E-01
 1469.000     -1.355622E-01
 1470.000     -1.402821E-01
 1471.000     -1.367768E-01
 1472.000     -1.335370E-01
 1473.000     -1.382681E-01
 1474.000     -1.347767E-01
 1475.000     -1.397751E-01
 1476.000     -1.362926E-01
 1477.000     -1.330751E-01
 1478.000     -1.378244E-01
 1479.000     -1.343559E-01
 1480.000     -1.311519E-01
 1481.000     -1.359124E-01
 1482.000     -1.324578E-01
 1483.000     -1.292674E-01
 1484.000     -1.340391E-01
 1485.000     -1.308574E-01
 1486.000     -1.274216E-01
 1487.000     -1.322046E-01
 1488.000     -1.290366E-01
 1489.000     -1.338266E-01
 1490.000     -1.306673E-01
 1491.000     -1.272545E-01
 1492.000     -1.320558E-01
 1493.000     -1.289102E-01
 1494.000     -1.255114E-01
 1495.000     -1.303240E-01
 1496.000     -1.271920E-01
 1497.000     -1.238072E-01
 1498.000     -1.288885E-01
 1499.000     -1.255128E-01
 1500.000     -1.221421E-01
 1501.000     -1.272344E-01
 1502.000     -1.238727E-01
 1503.000     -1.205160E-01
 1504.000     -1.256193E-01
 1505.000     -1.222717E-01
 1506.000     -1.191854E-01
 1507.000     -1.240434E-01
 1508.000     -1.207098E-01
 1509.000     -1.176373E-01
 1510.000     -1.225066E-01
 1511.000     -1.191872E-01
 1512.000     -1.243194E-01
 1513.000     -1.210091E-01
 1514.000     -1.179592E-01
 1515.000     -1.228470E-01
 1516.000     -1.195509E-01
 1517.000     -1.165147E-01
 1518.000     -1.214140E-01
 1519.000     -1.183868E-01
 1520.000     -1.151096E-01
 1521.000     -1.200204E-01
 1522.000     -1.170069E-01
 1523.000     -1.137439E-01
 1524.000     -1.186662E-01
 1525.000     -1.156666E-01
 1526.000     -1.124177E-01
 1527.000     -1.176053E-01
 1528.000     -1.143657E-01
 1529.000     -1.111311E-01
 1530.000     -1.163298E-01
 1531.000     -1.131044E-01
 1532.000     -1.098840E-01
 1533.000     -1.150938E-01
 1534.000     -1.118827E-01
 1535.000     -1.089292E-01
 1536.000     -1.138976E-01
 1537.000     -1.107006E-01
 1538.000     -1.077611E-01
 1539.000     -1.127410E-01
 1540.000     -1.095583E-01
 1541.000     -1.066326E-01
 1542.000     -1.116241E-01
 1543.000     -1.087075E-01
 1544.000     -1.055440E-01
 1545.000     -1.105471E-01
 1546.000     -1.076443E-01
 1547.000     -1.044951E-01
 1548.000     -1.097610E-01
 1549.000     -1.066211E-01
 1550.000     -1.034862E-01
 1551.000     -1.087634E-01
 1552.000     -1.056378E-01
 1553.000     -1.025172E-01
 1554.000     -1.078057E-01
 1555.000     -1.046944E-01
 1556.000     -1.018383E-01
 1557.000     -1.068880E-01
 1558.000     -1.037911E-01
 1559.000     -1.009490E-01
 1560.000     -9.786205E-02
 1561.000     -1.029278E-01
 1562.000     -1.000997E-01
 1563.000     -9.702719E-02
 1564.000     -1.023538E-01
 1565.000     -9.929063E-02
 1566.000     -9.623250E-02
 1567.000     -1.015705E-01
 1568.000     -9.852173E-02
 1569.000     -9.547802E-02
 1570.000     -1.008274E-01
 1571.000     -9.779308E-02
 1572.000     -9.501192E-02
 1573.000     -1.001246E-01
 1574.000     -9.710474E-02
 1575.000     -9.433765E-02
 1576.000     -9.946218E-02
 1577.000     -9.670422E-02
 1578.000     -9.370375E-02
 1579.000     -9.884011E-02
 1580.000     -9.609626E-02
 1581.000     -9.311028E-02
 1582.000     -9.825849E-02
 1583.000     -9.552875E-02
 1584.000     -9.255728E-02
 1585.000     -8.983737E-02
 1586.000     -9.500176E-02
 1587.000     -9.204481E-02
 1588.000     -8.933904E-02
 1589.000     -9.451533E-02
 1590.000     -9.157292E-02
 1591.000     -8.888132E-02
 1592.000     -9.406951E-02
 1593.000     -9.138710E-02
 1594.000     -8.846424E-02
 1595.000     -9.366436E-02
 1596.000     -9.099614E-02
 1597.000     -8.808785E-02
 1598.000     -9.329993E-02
 1599.000     -9.064591E-02
 1600.000     -8.775222E-02
 1601.000     -8.510809E-02
 1602.000     -9.033648E-02
 1603.000     -8.745741E-02
 1604.000     -8.482752E-02
 1605.000     -9.006792E-02
 1606.000     -8.744728E-02
 1607.000     -8.458788E-02
 1608.000     -8.984032E-02
 1609.000     -8.723397E-02
 1610.000     -8.438926E-02
 1611.000     -8.965377E-02
 1612.000     -8.706174E-02
 1613.000     -8.423175E-02
 1614.000     -8.164968E-02
 1615.000     -8.693068E-02
 1616.000     -8.411543E-02
 1617.000     -8.154773E-02
 1618.000     -8.684087E-02
 1619.000     -8.404040E-02
 1620.000     -8.148710E-02
 1621.000     -8.679241E-02
 1622.000     -8.424846E-02
 1623.000     -8.146786E-02
 1624.000     -7.869246E-02
 1625.000     -8.425586E-02
 1626.000     -8.149011E-02
 1627.000     -7.872956E-02
 1628.000     -8.430482E-02
 1629.000     -8.155393E-02
 1630.000     -7.904896E-02
 1631.000     -8.439540E-02
 1632.000     -8.165941E-02
 1633.000     -7.916896E-02
 1634.000     -7.644331E-02
 1635.000     -8.180665E-02
 1636.000     -7.933074E-02
 1637.000     -7.662004E-02
 1638.000     -8.223538E-02
 1639.000     -7.953439E-02
 1640.000     -7.683867E-02
 1641.000     -8.246598E-02
 1642.000     -7.978000E-02
 1643.000     -7.733828E-02
 1644.000     -7.466269E-02
 1645.000     -8.006764E-02
 1646.000     -7.764056E-02
 1647.000     -7.498002E-02
 1648.000     -8.039741E-02
 1649.000     -7.798500E-02
 1650.000     -7.533953E-02
 1651.000     -7.293731E-02
 1652.000     -7.837169E-02
 1653.000     -7.574132E-02
 1654.000     -7.335381E-02
 1655.000     -7.880071E-02
 1656.000     -7.618547E-02
 1657.000     -7.381270E-02
 1658.000     -7.927215E-02
 1659.000     -7.690897E-02
 1660.000     -7.431407E-02
 1661.000     -7.172450E-02
 1662.000     -7.743770E-02
 1663.000     -7.485800E-02
 1664.000     -7.228363E-02
 1665.000     -7.800906E-02
 1666.000     -7.544458E-02
 1667.000     -7.312130E-02
 1668.000     -7.056737E-02
 1669.000     -7.607390E-02
 1670.000     -7.376548E-02
 1671.000     -7.122683E-02
 1672.000     -7.698122E-02
 1673.000     -7.445251E-02
 1674.000     -7.192916E-02
 1675.000     -6.964597E-02
 1676.000     -7.518248E-02
 1677.000     -7.267446E-02
 1678.000     -7.040621E-02
 1679.000     -7.595548E-02
 1680.000     -7.369694E-02
 1681.000     -7.120953E-02
 1682.000     -6.872751E-02
 1683.000     -7.452804E-02
 1684.000     -7.205602E-02
 1685.000     -6.958940E-02
 1686.000     -6.736151E-02
 1687.000     -7.294577E-02
 1688.000     -7.072764E-02
 1689.000     -6.828174E-02
 1690.000     -7.387886E-02
 1691.000     -7.167579E-02
 1692.000     -6.924536E-02
 1693.000     -6.682034E-02
 1694.000     -7.266740E-02
 1695.000     -7.025246E-02
 1696.000     -6.807495E-02
 1697.000     -7.370255E-02
 1698.000     -7.130314E-02
 1699.000     -6.914076E-02
 1700.000     -6.675210E-02
 1701.000     -7.262880E-02
 1702.000     -7.025026E-02
 1703.000     -6.787718E-02
 1704.000     -6.574047E-02
 1705.000     -7.140353E-02
 1706.000     -6.904605E-02
 1707.000     -6.692455E-02
 1708.000     -7.260066E-02
 1709.000     -7.048906E-02
 1710.000     -6.815255E-02
 1711.000     -6.582153E-02
 1712.000     -7.174539E-02
 1713.000     -6.942455E-02
 1714.000     -6.710921E-02
 1715.000     -6.502878E-02
 1716.000     -7.074064E-02
 1717.000     -6.867017E-02
 1718.000     -6.637589E-02
 1719.000     -7.210090E-02
 1720.000     -7.004576E-02
 1721.000     -6.776723E-02
 1722.000     -6.549421E-02
 1723.000     -7.146564E-02
 1724.000     -6.920288E-02
 1725.000     -6.717372E-02
 1726.000     -6.492188E-02
 1727.000     -7.068293E-02
 1728.000     -6.866918E-02
 1729.000     -6.643316E-02
 1730.000     -6.443007E-02
 1731.000     -7.020915E-02
 1732.000     -6.798898E-02
 1733.000     -6.600134E-02
 1734.000     -7.179373E-02
 1735.000     -6.958943E-02
 1736.000     -6.761727E-02
 1737.000     -6.542395E-02
 1738.000     -7.146091E-02
 1739.000     -6.927794E-02
 1740.000     -6.710055E-02
 1741.000     -6.515462E-02
 1742.000     -7.098345E-02
 1743.000     -6.882200E-02
 1744.000     -6.689163E-02
 1745.000     -6.474122E-02
 1746.000     -7.081361E-02
 1747.000     -6.867360E-02
 1748.000     -6.653919E-02
 1749.000     -6.463517E-02
 1750.000     -7.050064E-02
 1751.000     -6.838225E-02
 1752.000     -6.649386E-02
 1753.000     -7.237281E-02
 1754.000     -7.049459E-02
 1755.000     -6.839774E-02
 1756.000     -6.630651E-02
 1757.000     -7.242767E-02
 1758.000     -7.034691E-02
 1759.000     -6.849519E-02
 1760.000     -6.642556E-02
 1761.000     -7.234144E-02
 1762.000     -7.050545E-02
 1763.000     -6.845195E-02
 1764.000     -6.640409E-02
 1765.000     -7.256118E-02
 1766.000     -7.052385E-02
 1767.000     -6.871448E-02
 1768.000     -6.668832E-02
 1769.000     -7.264135E-02
 1770.000     -7.084777E-02
 1771.000     -6.883782E-02
 1772.000     -6.683355E-02
 1773.000     -7.302677E-02
 1774.000     -7.103306E-02
 1775.000     -6.926624E-02
 1776.000     -6.728375E-02
 1777.000     -7.327413E-02
 1778.000     -7.152316E-02
 1779.000     -6.955697E-02
 1780.000     -6.759647E-02
 1781.000     -7.382603E-02
 1782.000     -7.187615E-02
 1783.000     -7.015205E-02
 1784.000     -6.821344E-02
 1785.000     -7.424138E-02
 1786.000     -7.253322E-02
 1787.000     -7.061097E-02
 1788.000     -6.891383E-02
 1789.000     -7.496054E-02
 1790.000     -7.305469E-02
 1791.000     -7.137352E-02
 1792.000     -6.947899E-02
 1793.000     -7.554468E-02
 1794.000     -7.387953E-02
 1795.000     -7.200142E-02
 1796.000     -7.034733E-02
 1797.000     -7.643192E-02
 1798.000     -7.457028E-02
 1799.000     -7.293224E-02
 1800.000     -7.108197E-02
 1801.000     -7.718564E-02
 1802.000     -7.556368E-02
 1803.000     -7.372992E-02
 1804.000     -7.211907E-02
 1805.000     -7.029671E-02
 1806.000     -7.642452E-02
 1807.000     -7.482979E-02
 1808.000     -7.302399E-02
 1809.000     -7.122397E-02
 1810.000     -7.758726E-02
 1811.000     -7.579805E-02
 1812.000     -7.423063E-02
 1813.000     -7.245287E-02
 1814.000     -7.861898E-02
 1815.000     -7.706776E-02
 1816.000     -7.530663E-02
 1817.000     -7.376660E-02
 1818.000     -7.995187E-02
 1819.000     -7.820740E-02
 1820.000     -7.668361E-02
 1821.000     -7.495063E-02
 1822.000     -8.115526E-02
 1823.000     -7.964775E-02
 1824.000     -7.793147E-02
 1825.000     -7.643519E-02
 1826.000     -7.473045E-02
 1827.000     -8.095955E-02
 1828.000     -7.947959E-02
 1829.000     -7.779159E-02
 1830.000     -7.610945E-02
 1831.000     -8.257133E-02
 1832.000     -8.090011E-02
 1833.000     -7.944778E-02
 1834.000     -7.778814E-02
 1835.000     -8.405610E-02
 1836.000     -8.262015E-02
 1837.000     -8.097734E-02
 1838.000     -7.934040E-02
 1839.000     -7.792149E-02
 1840.000     -8.421413E-02
 1841.000     -8.280593E-02
 1842.000     -8.119160E-02
 1843.000     -7.958315E-02
 1844.000     -8.610687E-02
 1845.000     -8.450944E-02
 1846.000     -8.291791E-02
 1847.000     -8.154328E-02
 1848.000     -8.787511E-02
 1849.000     -8.651124E-02
 1850.000     -8.494241E-02
 1851.000     -8.337949E-02
 1852.000     -8.203278E-02
 1853.000     -8.838950E-02
 1854.000     -8.705356E-02
 1855.000     -8.551341E-02
 1856.000     -8.397918E-02
 1857.000     -9.056528E-02
 1858.000     -8.904215E-02
 1859.000     -8.752496E-02
 1860.000     -8.622283E-02
 1861.000     -8.471738E-02
 1862.000     -9.132779E-02
 1863.000     -8.983346E-02
 1864.000     -8.834508E-02
 1865.000     -8.707106E-02
 1866.000     -9.349241E-02
 1867.000     -9.202113E-02
 1868.000     -9.076380E-02
 1869.000     -8.930431E-02
 1870.000     -8.805847E-02
 1871.000     -9.450500E-02
 1872.000     -9.306267E-02
 1873.000     -9.183355E-02
 1874.000     -9.040303E-02
 1875.000     -9.686960E-02
 1876.000     -9.565724E-02
 1877.000     -9.424392E-02
 1878.000     -9.304311E-02
 1879.000     -9.164163E-02
 1880.000     -9.813353E-02
 1881.000     -9.694951E-02
 1882.000     -9.556528E-02
 1883.000     -9.439285E-02
 1884.000     -9.302049E-02
 1885.000     -9.953779E-02
 1886.000     -9.838220E-02
 1887.000     -9.702713E-02
 1888.000     -9.567809E-02
 1889.000     -1.024205E-01
 1890.000     -1.010828E-01
 1891.000     -9.995567E-02
 1892.000     -9.862985E-02
 1893.000     -9.731007E-02
 1894.000     -1.040773E-01
 1895.000     -1.027689E-01
 1896.000     -1.014664E-01
 1897.000     -1.003738E-01
 1898.000     -9.908338E-02
 1899.000     -1.058755E-01
 1900.000     -1.045964E-01
 1901.000     -1.033234E-01
 1902.000     -1.022594E-01
 1903.000     -1.009984E-01
 1904.000     -1.076128E-01
 1905.000     -1.065658E-01
 1906.000     -1.053223E-01
 1907.000     -1.042870E-01
 1908.000     -1.109218E-01
 1909.000     -1.096957E-01
 1910.000     -1.086775E-01
 1911.000     -1.074635E-01
 1912.000     -1.064571E-01
 1913.000     -1.131176E-01
 1914.000     -1.119210E-01
 1915.000     -1.109315E-01
 1916.000     -1.097468E-01
 1917.000     -1.085680E-01
 1918.000     -1.154547E-01
 1919.000     -1.142870E-01
 1920.000     -1.133255E-01
 1921.000     -1.121693E-01
 1922.000     -1.110189E-01
 1923.000     -1.179294E-01
 1924.000     -1.167898E-01
 1925.000     -1.156559E-01
 1926.000     -1.147272E-01
 1927.000     -1.136044E-01
 1928.000     -1.205380E-01
 1929.000     -1.194257E-01
 1930.000     -1.183190E-01
 1931.000     -1.174166E-01
 1932.000     -1.163207E-01
 1933.000     -1.230781E-01
 1934.000     -1.221909E-01
 1935.000     -1.211106E-01
 1936.000     -1.202338E-01
 1937.000     -1.191641E-01
 1938.000     -1.259437E-01
 1939.000     -1.250817E-01
 1940.000     -1.240271E-01
 1941.000     -1.231751E-01
 1942.000     -1.221307E-01
 1943.000     -1.289319E-01
 1944.000     -1.280943E-01
 1945.000     -1.270645E-01
 1946.000     -1.260398E-01
 1947.000     -1.252169E-01
 1948.000     -1.320388E-01
 1949.000     -1.312249E-01
 1950.000     -1.302192E-01
 1951.000     -1.292185E-01
 1952.000     -1.284188E-01
 1953.000     -1.352607E-01
 1954.000     -1.342738E-01
 1955.000     -1.334875E-01
 1956.000     -1.325100E-01
 1957.000     -1.317328E-01
 1958.000     -1.385939E-01
 1959.000     -1.376298E-01
 1960.000     -1.368655E-01
 1961.000     -1.359105E-01
 1962.000     -1.349601E-01
 1963.000     -1.342091E-01
 1964.000     -1.410926E-01
 1965.000     -1.403496E-01
 1966.000     -1.394163E-01
 1967.000     -1.384874E-01
 1968.000     -1.377573E-01
 1969.000     -1.446584E-01
 1970.000     -1.439360E-01
 1971.000     -1.430237E-01
 1972.000     -1.421156E-01
 1973.000     -1.414056E-01
 1974.000     -1.483236E-01
 1975.000     -1.474274E-01
 1976.000     -1.467289E-01
 1977.000     -1.458409E-01
 1978.000     -1.451503E-01
 1979.000     -1.442703E-01
 1980.000     -1.512078E-01
 1981.000     -1.505282E-01
 1982.000     -1.496596E-01
 1983.000     -1.487948E-01
 1984.000     -1.481267E-01
 1985.000     -1.550794E-01
 1986.000     -1.544180E-01
 1987.000     -1.535679E-01
 1988.000     -1.527216E-01
 1989.000     -1.520712E-01
 1990.000     -1.590384E-01
 1991.000     -1.582026E-01
 1992.000     -1.575623E-01
 1993.000     -1.567336E-01
 1994.000     -1.561003E-01
 1995.000     -1.552788E-01
 1996.000     -1.622626E-01
 1997.000     -1.616389E-01
 1998.000     -1.608272E-01
 1999.000     -1.602102E-01
 2000.000     -1.594053E-01
 2001.000     -1.664019E-01
 2002.000     -1.657942E-01
 2003.000     -1.649986E-01
 2004.000     -1.642064E-01
 2005.000     -1.636082E-01
 2006.000     -1.628224E-01
 2007.000     -1.700243E-01
 2008.000     -1.692443E-01
 2009.000     -1.684673E-01
 2010.000     -1.678838E-01
 2011.000     -1.671131E-01
 2012.000     -1.741356E-01
 2013.000     -1.735604E-01
 2014.000     -1.727980E-01
 2015.000     -1.722286E-01
 2016.000     -1.714720E-01
 2017.000     -1.707184E-01
 2018.000     -1.779434E-01
 2019.000     -1.771949E-01
 2020.000     -1.764491E-01
 2021.000     -1.758956E-01
 2022.000     -1.751554E-01
 2023.000     -1.746072E-01
 2024.000     -1.816541E-01
 2025.000     -1.809213E-01
 2026.000     -1.803803E-01
 2027.000     -1.796527E-01
 2028.000     -1.791166E-01
 2029.000     -1.861722E-01
 2030.000     -1.854516E-01
 2031.000     -1.849222E-01
 2032.000     -1.842065E-01
 2033.000     -1.834933E-01
 2034.000     -1.829709E-01
 2035.000     -1.900363E-01
 2036.000     -1.895179E-01
 2037.000     -1.888134E-01
 2038.000     -1.881111E-01
 2039.000     -1.875994E-01
 2040.000     -1.869015E-01
 2041.000     -1.939756E-01
 2042.000     -1.934696E-01
 2043.000     -1.927776E-01
 2044.000     -1.922757E-01
 2045.000     -1.915878E-01
 2046.000     -1.909021E-01
 2047.000     -1.981715E-01
 2048.000     -1.974891E-01
 2049.000     -1.968086E-01
 2050.000     -1.963177E-01
 2051.000     -1.956410E-01
 2052.000     -2.029155E-01
 2053.000     -2.022419E-01
 2054.000     -2.015701E-01
 2055.000     -2.010874E-01
 2056.000     -2.004192E-01
 2057.000     -1.997526E-01
 2058.000     -2.070325E-01
 2059.000     -2.063687E-01
 2060.000     -2.058935E-01
 2061.000     -2.052329E-01
 2062.000     -2.045738E-01
 2063.000     -2.041032E-01
 2064.000     -2.112006E-01
 2065.000     -2.107323E-01
 2066.000     -2.100786E-01
 2067.000     -2.094263E-01
 2068.000     -2.089621E-01
 2069.000     -2.083126E-01
 2070.000     -2.154136E-01
 2071.000     -2.149527E-01
 2072.000     -2.143064E-01
 2073.000     -2.138479E-01
 2074.000     -2.132042E-01
 2075.000     -2.125616E-01
 2076.000     -2.198516E-01
 2077.000     -2.192107E-01
 2078.000     -2.185709E-01
 2079.000     -2.181184E-01
 2080.000     -2.174807E-01
 2081.000     -2.170302E-01
 2082.000     -2.241353E-01
 2083.000     -2.235000E-01
 2084.000     -2.230517E-01
 2085.000     -2.224181E-01
 2086.000     -2.217855E-01
 2087.000     -2.213397E-01
 2088.000     -2.284453E-01
 2089.000     -2.280004E-01
 2090.000     -2.273703E-01
 2091.000     -2.267410E-01
 2092.000     -2.262982E-01
 2093.000     -2.256702E-01
 2094.000     -2.329611E-01
 2095.000     -2.323337E-01
 2096.000     -2.317070E-01
 2097.000     -2.312664E-01
 2098.000     -2.306407E-01
 2099.000     -2.300155E-01
 2100.000     -2.373047E-01
 2101.000     -2.366798E-01
 2102.000     -2.362409E-01
 2103.000     -2.356168E-01
 2104.000     -2.349930E-01
 2105.000     -2.345551E-01
 2106.000     -2.416560E-01
 2107.000     -2.410325E-01
 2108.000     -2.405947E-01
 2109.000     -2.399717E-01
 2110.000     -2.395342E-01
 2111.000     -2.389115E-01
 2112.000     -2.460088E-01
 2113.000     -2.455711E-01
 2114.000     -2.449480E-01
 2115.000     -2.443250E-01
 2116.000     -2.438873E-01
 2117.000     -2.432643E-01
 2118.000     -2.428265E-01
 2119.000     -2.499184E-01
 2120.000     -2.492946E-01
 2121.000     -2.488558E-01
 2122.000     -2.482316E-01
 2123.000     -2.477925E-01
 2124.000     -2.471679E-01
 2125.000     -2.542540E-01
 2126.000     -2.538135E-01
 2127.000     -2.531875E-01
 2128.000     -2.525611E-01
 2129.000     -2.521195E-01
 2130.000     -2.514924E-01
 2131.000     -2.587569E-01
 2132.000     -2.581282E-01
 2133.000     -2.574991E-01
 2134.000     -2.570547E-01
 2135.000     -2.564246E-01
 2136.000     -2.557938E-01
 2137.000     -2.630504E-01
 2138.000     -2.624179E-01
 2139.000     -2.619699E-01
 2140.000     -2.613360E-01
 2141.000     -2.607015E-01
 2142.000     -2.602514E-01
 2143.000     -2.596153E-01
 2144.000     -2.666764E-01
 2145.000     -2.662233E-01
 2146.000     -2.655842E-01
 2147.000     -2.651294E-01
 2148.000     -2.644885E-01
 2149.000     -2.638466E-01
 2150.000     -2.710829E-01
 2151.000     -2.704385E-01
 2152.000     -2.699783E-01
 2153.000     -2.693319E-01
 2154.000     -2.686843E-01
 2155.000     -2.682210E-01
 2156.000     -2.752608E-01
 2157.000     -2.746093E-01
 2158.000     -2.741419E-01
 2159.000     -2.734879E-01
 2160.000     -2.730181E-01
 2161.000     -2.723617E-01
 2162.000     -2.717039E-01
 2163.000     -2.789151E-01
 2164.000     -2.782541E-01
 2165.000     -2.775916E-01
 2166.000     -2.771133E-01
 2167.000     -2.764480E-01
 2168.000     -2.759667E-01
 2169.000     -2.829792E-01
 2170.000     -2.823088E-01
 2171.000     -2.818225E-01
 2172.000     -2.811489E-01
 2173.000     -2.804738E-01
 2174.000     -2.799827E-01
 2175.000     -2.869809E-01
 2176.000     -2.864858E-01
 2177.000     -2.858034E-01
 2178.000     -2.851191E-01
 2179.000     -2.846189E-01
 2180.000     -2.839311E-01
 2181.000     -2.834274E-01
 2182.000     -2.904080E-01
 2183.000     -2.897142E-01
 2184.000     -2.892046E-01
 2185.000     -2.885073E-01
 2186.000     -2.878082E-01
 2187.000     -2.872934E-01
 2188.000     -2.942587E-01
 2189.000     -2.937399E-01
 2190.000     -2.930333E-01
 2191.000     -2.923250E-01
 2192.000     -2.918011E-01
 2193.000     -2.910894E-01
 2194.000     -2.980396E-01
 2195.000     -2.975101E-01
 2196.000     -2.967927E-01
 2197.000     -2.962599E-01
 2198.000     -2.955392E-01
 2199.000     -2.948168E-01
 2200.000     -2.942791E-01
 2201.000     -3.012125E-01
 2202.000     -3.004846E-01
 2203.000     -2.999415E-01
 2204.000     -2.992103E-01
 2205.000     -2.986640E-01
 2206.000     -2.979297E-01
 2207.000     -3.048486E-01
 2208.000     -3.042970E-01
 2209.000     -3.035573E-01
 2210.000     -3.030026E-01
 2211.000     -3.022598E-01
 2212.000     -3.015154E-01
 2213.000     -3.009560E-01
 2214.000     -3.078588E-01
 2215.000     -3.071092E-01
 2216.000     -3.065447E-01
 2217.000     -3.057921E-01
 2218.000     -3.052246E-01
 2219.000     -3.044690E-01
 2220.000     -3.113580E-01
 2221.000     -3.107855E-01
 2222.000     -3.100248E-01
 2223.000     -3.092626E-01
 2224.000     -3.086858E-01
 2225.000     -3.079207E-01
 2226.000     -3.073410E-01
 2227.000     -3.142145E-01
 2228.000     -3.134445E-01
 2229.000     -3.128600E-01
 2230.000     -3.120871E-01
 2231.000     -3.113128E-01
 2232.000     -3.107241E-01
 2233.000     -3.175844E-01
 2234.000     -3.169924E-01
 2235.000     -3.162120E-01
 2236.000     -3.154302E-01
 2237.000     -3.148341E-01
 2238.000     -3.140496E-01
 2239.000     -3.134508E-01
 2240.000     -3.202964E-01
 2241.000     -3.195072E-01
 2242.000     -3.189039E-01
 2243.000     -3.181122E-01
 2244.000     -3.173191E-01
 2245.000     -3.167119E-01
 2246.000     -3.235448E-01
 2247.000     -3.229345E-01
 2248.000     -3.221357E-01
 2249.000     -3.213356E-01
 2250.000     -3.207215E-01
 2251.000     -3.199188E-01
 2252.000     -3.191150E-01
 2253.000     -3.261211E-01
 2254.000     -3.253142E-01
 2255.000     -3.246934E-01
 2256.000     -3.238840E-01
 2257.000     -3.230734E-01
 2258.000     -3.224489E-01
 2259.000     -3.292558E-01
 2260.000     -3.284411E-01
 2261.000     -3.278125E-01
 2262.000     -3.269954E-01
 2263.000     -3.263645E-01
 2264.000     -3.255451E-01
 2265.000     -3.247244E-01
 2266.000     -3.317055E-01
 2267.000     -3.308820E-01
 2268.000     -3.302449E-01
 2269.000     -3.294192E-01
 2270.000     -3.285923E-01
 2271.000     -3.279519E-01
 2272.000     -3.347341E-01
 2273.000     -3.339033E-01
 2274.000     -3.332591E-01
 2275.000     -3.324262E-01
 2276.000     -3.317799E-01
 2277.000     -3.309449E-01
 2278.000     -3.301088E-01
 2279.000     -3.370659E-01
 2280.000     -3.362272E-01
 2281.000     -3.353874E-01
 2282.000     -3.347343E-01
 2283.000     -3.338925E-01
 2284.000     -3.332374E-01
 2285.000     -3.323935E-01
 2286.000     -3.391507E-01
 2287.000     -3.384920E-01
 2288.000     -3.376447E-01
 2289.000     -3.367963E-01
 2290.000     -3.361348E-01
 2291.000     -3.352845E-01
 2292.000     -3.422190E-01
 2293.000     -3.413663E-01
 2294.000     -3.405126E-01
 2295.000     -3.398458E-01
 2296.000     -3.389903E-01
 2297.000     -3.381339E-01
 2298.000     -3.374644E-01
 2299.000     -3.441995E-01
 2300.000     -3.435277E-01
 2301.000     -3.426671E-01
 2302.000     -3.418057E-01
 2303.000     -3.411312E-01
 2304.000     -3.402681E-01
 2305.000     -3.395919E-01
 2306.000     -3.463158E-01
 2307.000     -3.454495E-01
 2308.000     -3.447703E-01
 2309.000     -3.439023E-01
 2310.000     -3.430336E-01
 2311.000     -3.423520E-01
 2312.000     -3.490663E-01
 2313.000     -3.483825E-01
 2314.000     -3.475100E-01
 2315.000     -3.466367E-01
 2316.000     -3.459506E-01
 2317.000     -3.450758E-01
 2318.000     -3.442002E-01
 2319.000     -3.510919E-01
 2320.000     -3.502143E-01
 2321.000     -3.495239E-01
 2322.000     -3.486448E-01
 2323.000     -3.477650E-01
 2324.000     -3.470725E-01
 2325.000     -3.461913E-01
 2326.000     -3.528848E-01
 2327.000     -3.521896E-01
 2328.000     -3.513058E-01
 2329.000     -3.506092E-01
 2330.000     -3.497240E-01
 2331.000     -3.488382E-01
 2332.000     -3.481396E-01
 2333.000     -3.548234E-01
 2334.000     -3.541230E-01
 2335.000     -3.532340E-01
 2336.000     -3.523444E-01
 2337.000     -3.516422E-01
 2338.000     -3.507514E-01
 2339.000     -3.574268E-01
 2340.000     -3.567222E-01
 2341.000     -3.558290E-01
 2342.000     -3.551233E-01
 2343.000     -3.542290E-01
 2344.000     -3.533341E-01
 2345.000     -3.526266E-01
 2346.000     -3.592929E-01
 2347.000     -3.583958E-01
 2348.000     -3.576862E-01
 2349.000     -3.567880E-01
 2350.000     -3.560773E-01
 2351.000     -3.551782E-01
 2352.000     -3.542785E-01
 2353.000     -3.611240E-01
 2354.000     -3.602227E-01
 2355.000     -3.593210E-01
 2356.000     -3.586068E-01
 2357.000     -3.577041E-01
 2358.000     -3.569890E-01
 2359.000     -3.560854E-01
 2360.000     -3.627345E-01
 2361.000     -3.620174E-01
 2362.000     -3.611120E-01
 2363.000     -3.603941E-01
 2364.000     -3.594878E-01
 2365.000     -3.585810E-01
 2366.000     -3.578618E-01
 2367.000     -3.645026E-01
 2368.000     -3.635937E-01
 2369.000     -3.628721E-01
 2370.000     -3.619619E-01
 2371.000     -3.612389E-01
 2372.000     -3.603272E-01
 2373.000     -3.669593E-01
 2374.000     -3.662332E-01
 2375.000     -3.653183E-01
 2376.000     -3.644024E-01
 2377.000     -3.636734E-01
 2378.000     -3.627554E-01
 2379.000     -3.620242E-01
 2380.000     -3.686439E-01
 2381.000     -3.677217E-01
 2382.000     -3.669863E-01
 2383.000     -3.660615E-01
 2384.000     -3.651354E-01
 2385.000     -3.643959E-01
 2386.000     -3.634667E-01
 2387.000     -3.702598E-01
 2388.000     -3.693270E-01
 2389.000     -3.683925E-01
 2390.000     -3.676446E-01
 2391.000     -3.667068E-01
 2392.000     -3.659554E-01
 2393.000     -3.650139E-01
 2394.000     -3.716015E-01
 2395.000     -3.708440E-01
 2396.000     -3.698961E-01
 2397.000     -3.689462E-01
 2398.000     -3.681826E-01
 2399.000     -3.672285E-01
 2400.000     -3.664607E-01
 2401.000     -3.730286E-01
 2402.000     -3.720671E-01
 2403.000     -3.712920E-01
 2404.000     -3.703258E-01
 2405.000     -3.693572E-01
 2406.000     -3.685749E-01
 2407.000     -3.676013E-01
 2408.000     -3.743358E-01
 2409.000     -3.733564E-01
 2410.000     -3.723743E-01
 2411.000     -3.715785E-01
 2412.000     -3.705908E-01
 2413.000     -3.696003E-01
 2414.000     -3.687961E-01
 2415.000     -3.753172E-01
 2416.000     -3.745066E-01
 2417.000     -3.735037E-01
 2418.000     -3.724977E-01
 2419.000     -3.716780E-01
 2420.000     -3.706657E-01
 2421.000     -3.698398E-01
 2422.000     -3.763338E-01
 2423.000     -3.753111E-01
 2424.000     -3.744747E-01
 2425.000     -3.734452E-01
 2426.000     -3.724121E-01
 2427.000     -3.715655E-01
 2428.000     -3.780343E-01
 2429.000     -3.771800E-01
 2430.000     -3.761320E-01
 2431.000     -3.750802E-01
 2432.000     -3.742150E-01
 2433.000     -3.731556E-01
 2434.000     -3.720924E-01
 2435.000     -3.787201E-01
 2436.000     -3.776484E-01
 2437.000     -3.767633E-01
 2438.000     -3.756835E-01
 2439.000     -3.745995E-01
 2440.000     -3.737023E-01
 2441.000     -3.726099E-01
 2442.000     -3.790132E-01
 2443.000     -3.781028E-01
 2444.000     -3.769969E-01
 2445.000     -3.760779E-01
 2446.000     -3.749631E-01
 2447.000     -3.738438E-01
 2448.000     -3.804075E-01
 2449.000     -3.792784E-01
 2450.000     -3.783365E-01
 2451.000     -3.771981E-01
 2452.000     -3.760548E-01
 2453.000     -3.750988E-01
 2454.000     -3.739460E-01
 2455.000     -3.802796E-01
 2456.000     -3.793086E-01
 2457.000     -3.781403E-01
 2458.000     -3.771594E-01
 2459.000     -3.759809E-01
 2460.000     -3.747973E-01
 2461.000     -3.812888E-01
 2462.000     -3.800941E-01
 2463.000     -3.788940E-01
 2464.000     -3.778818E-01
 2465.000     -3.766711E-01
 2466.000     -3.756482E-01
 2467.000     -3.819102E-01
 2468.000     -3.806823E-01
 2469.000     -3.796426E-01
 2470.000     -3.784035E-01
 2471.000     -3.771587E-01
 2472.000     -3.761022E-01
 2473.000     -3.748459E-01
 2474.000     -3.812572E-01
 2475.000     -3.799886E-01
 2476.000     -3.787141E-01
 2477.000     -3.776281E-01
 2478.000     -3.763416E-01
 2479.000     -3.752438E-01
 2480.000     -3.814203E-01
 2481.000     -3.801148E-01
 2482.000     -3.789983E-01
 2483.000     -3.776802E-01
 2484.000     -3.763558E-01
 2485.000     -3.752207E-01
 2486.000     -3.813548E-01
 2487.000     -3.802065E-01
 2488.000     -3.788558E-01
 2489.000     -3.774985E-01
 2490.000     -3.763309E-01
 2491.000     -3.749603E-01
 2492.000     -3.810504E-01
 2493.000     -3.798624E-01
 2494.000     -3.784710E-01
 2495.000     -3.772697E-01
 2496.000     -3.758645E-01
 2497.000     -3.744523E-01
 2498.000     -3.806940E-01
 2499.000     -3.792673E-01
 2500.000     -3.778333E-01
 2501.000     -3.765901E-01
 2502.000     -3.751418E-01
 2503.000     -3.813446E-01
 2504.000     -3.798813E-01
 2505.000     -3.784106E-01
 2506.000     -3.771311E-01
 2507.000     -3.756456E-01
 2508.000     -3.741525E-01
 2509.000     -3.803072E-01
 2510.000     -3.787985E-01
 2511.000     -3.774816E-01
 2512.000     -3.759576E-01
 2513.000     -3.744258E-01
 2514.000     -3.730861E-01
 2515.000     -3.789912E-01
 2516.000     -3.776356E-01
 2517.000     -3.760720E-01
 2518.000     -3.745003E-01
 2519.000     -3.731213E-01
 2520.000     -3.789826E-01
 2521.000     -3.773861E-01
 2522.000     -3.759827E-01
 2523.000     -3.743699E-01
 2524.000     -3.729504E-01
 2525.000     -3.787669E-01
 2526.000     -3.771286E-01
 2527.000     -3.756840E-01
 2528.000     -3.740289E-01
 2529.000     -3.723653E-01
 2530.000     -3.708957E-01
 2531.000     -3.766568E-01
 2532.000     -3.751698E-01
 2533.000     -3.734713E-01
 2534.000     -3.717639E-01
 2535.000     -3.702512E-01
 2536.000     -3.759649E-01
 2537.000     -3.742304E-01
 2538.000     -3.726911E-01
 2539.000     -3.709388E-01
 2540.000     -3.693820E-01
 2541.000     -3.750469E-01
 2542.000     -3.732668E-01
 2543.000     -3.716826E-01
 2544.000     -3.698842E-01
 2545.000     -3.682820E-01
 2546.000     -3.738970E-01
 2547.000     -3.720701E-01
 2548.000     -3.704398E-01
 2549.000     -3.685942E-01
 2550.000     -3.667392E-01
 2551.000     -3.725102E-01
 2552.000     -3.706367E-01
 2553.000     -3.689615E-01
 2554.000     -3.670711E-01
 2555.000     -3.651724E-01
 2556.000     -3.708985E-01
 2557.000     -3.689838E-01
 2558.000     -3.670615E-01
 2559.000     -3.653399E-01
 2560.000     -3.708261E-01
 2561.000     -3.690905E-01
 2562.000     -3.671404E-01
 2563.000     -3.651839E-01
 2564.000     -3.634299E-01
 2565.000     -3.688808E-01
 2566.000     -3.669063E-01
 2567.000     -3.651354E-01
 2568.000     -3.631505E-01
 2569.000     -3.613698E-01
 2570.000     -3.667914E-01
 2571.000     -3.647921E-01
 2572.000     -3.629979E-01
 2573.000     -3.609905E-01
 2574.000     -3.666020E-01
 2575.000     -3.645869E-01
 2576.000     -3.625685E-01
 2577.000     -3.607567E-01
 2578.000     -3.587326E-01
 2579.000     -3.641158E-01
 2580.000     -3.622960E-01
 2581.000     -3.602644E-01
 2582.000     -3.584407E-01
 2583.000     -3.638128E-01
 2584.000     -3.617758E-01
 2585.000     -3.599476E-01
 2586.000     -3.579086E-01
 2587.000     -3.558689E-01
 2588.000     -3.614424E-01
 2589.000     -3.594015E-01
 2590.000     -3.575705E-01
 2591.000     -3.555298E-01
 2592.000     -3.608908E-01
 2593.000     -3.590606E-01
 2594.000     -3.570215E-01
 2595.000     -3.549836E-01
 2596.000     -3.531569E-01
 2597.000     -3.585198E-01
 2598.000     -3.566959E-01
 2599.000     -3.546645E-01
 2600.000     -3.526354E-01
 2601.000     -3.582134E-01
 2602.000     -3.561891E-01
 2603.000     -3.543771E-01
 2604.000     -3.523591E-01
 2605.000     -3.577369E-01
 2606.000     -3.559345E-01
 2607.000     -3.539271E-01
 2608.000     -3.519239E-01
 2609.000     -3.501338E-01
 2610.000     -3.555287E-01
 2611.000     -3.537472E-01
 2612.000     -3.517624E-01
 2613.000     -3.497830E-01
 2614.000     -3.554035E-01
 2615.000     -3.534349E-01
 2616.000     -3.514723E-01
 2617.000     -3.497235E-01
 2618.000     -3.551572E-01
 2619.000     -3.534207E-01
 2620.000     -3.514839E-01
 2621.000     -3.495543E-01
 2622.000     -3.478388E-01
 2623.000     -3.533045E-01
 2624.000     -3.513972E-01
 2625.000     -3.497042E-01
 2626.000     -3.478133E-01
 2627.000     -3.535142E-01
 2628.000     -3.516400E-01
 2629.000     -3.497749E-01
 2630.000     -3.481241E-01
 2631.000     -3.536524E-01
 2632.000     -3.520197E-01
 2633.000     -3.501921E-01
 2634.000     -3.483748E-01
 2635.000     -3.541440E-01
 2636.000     -3.523470E-01
 2637.000     -3.505609E-01
 2638.000     -3.489891E-01
 2639.000     -3.472253E-01
 2640.000     -3.530446E-01
 2641.000     -3.513034E-01
 2642.000     -3.495742E-01
 2643.000     -3.480591E-01
 2644.000     -3.537207E-01
 2645.000     -3.520283E-01
 2646.000     -3.505498E-01
 2647.000     -3.488832E-01
 2648.000     -3.547939E-01
 2649.000     -3.531536E-01
 2650.000     -3.515272E-01
 2651.000     -3.501142E-01
 2652.000     -3.558768E-01
 2653.000     -3.542926E-01
 2654.000     -3.529215E-01
 2655.000     -3.513668E-01
 2656.000     -3.500249E-01
 2657.000     -3.558582E-01
 2658.000     -3.543491E-01
 2659.000     -3.530524E-01
 2660.000     -3.515751E-01
 2661.000     -3.576647E-01
 2662.000     -3.562195E-01
 2663.000     -3.547911E-01
 2664.000     -3.535744E-01
 2665.000     -3.595322E-01
 2666.000     -3.581549E-01
 2667.000     -3.569886E-01
 2668.000     -3.556467E-01
 2669.000     -3.545155E-01
 2670.000     -3.605586E-01
 2671.000     -3.592710E-01
 2672.000     -3.581936E-01
 2673.000     -3.569437E-01
 2674.000     -3.630592E-01
 2675.000     -3.620376E-01
 2676.000     -3.608454E-01
 2677.000     -3.598623E-01
 2678.000     -3.660535E-01
 2679.000     -3.649211E-01
 2680.000     -3.639971E-01
 2681.000     -3.629059E-01
 2682.000     -3.618359E-01
 2683.000     -3.683138E-01
 2684.000     -3.672862E-01
 2685.000     -3.664664E-01
 2686.000     -3.654842E-01
 2687.000     -3.718636E-01
 2688.000     -3.711129E-01
 2689.000     -3.702035E-01
 2690.000     -3.695023E-01
 2691.000     -3.686448E-01
 2692.000     -3.751488E-01
 2693.000     -3.745264E-01
 2694.000     -3.737514E-01
 2695.000     -3.730056E-01
 2696.000     -3.724682E-01
 2697.000     -3.791132E-01
 2698.000     -3.786349E-01
 2699.000     -3.780106E-01
 2700.000     -3.774188E-01
 2701.000     -3.770350E-01
 2702.000     -3.838373E-01
 2703.000     -3.833456E-01
 2704.000     -3.830616E-01
 2705.000     -3.826400E-01
 2706.000     -3.824258E-01
 2707.000     -3.894016E-01
 2708.000     -3.890899E-01
 2709.000     -3.889850E-01
 2710.000     -3.887498E-01
 2711.000     -3.885544E-01
 2712.000     -3.885650E-01
 2713.000     -3.957709E-01
 2714.000     -3.958609E-01
 2715.000     -3.958284E-01
 2716.000     -3.958389E-01
 2717.000     -3.960539E-01
 2718.000     -3.961513E-01
 2719.000     -3.962936E-01
 2720.000     -4.039560E-01
 2721.000     -4.041886E-01
 2722.000     -4.046238E-01
 2723.000     -4.049497E-01
 2724.000     -4.053238E-01
 2725.000     -4.058994E-01
 2726.000     -4.063707E-01
 2727.000     -4.070426E-01
 2728.000     -4.076137E-01
 2729.000     -4.082363E-01
 2730.000     -4.090579E-01
 2731.000     -4.097842E-01
 2732.000     -4.105638E-01
 2733.000     -4.115409E-01
 2734.000     -4.197367E-01
 2735.000     -4.208196E-01
 2736.000     -4.218164E-01
 2737.000     -4.228699E-01
 2738.000     -4.241177E-01
 2739.000     -4.252851E-01
 2740.000     -4.265112E-01
 2741.000     -4.279296E-01
 2742.000     -4.219692E-01
 2743.000     -4.235047E-01
 2744.000     -4.249695E-01
 2745.000     -4.264962E-01
 2746.000     -4.282118E-01
 2747.000     -4.298628E-01
 2748.000     -4.315776E-01
 2749.000     -4.334789E-01
 2750.000     -4.353219E-01
 2751.000     -4.373497E-01
 2752.000     -4.393234E-01
 2753.000     -4.340651E-01
 2754.000     -4.362887E-01
 2755.000     -4.384646E-01
 2756.000     -4.408210E-01
 2757.000     -4.431340E-01
 2758.000     -4.455173E-01
 2759.000     -4.407821E-01
 2760.000     -4.433070E-01
 2761.000     -4.459041E-01
 2762.000     -4.486762E-01
 2763.000     -4.514182E-01
 2764.000     -4.470389E-01
 2765.000     -4.499289E-01
 2766.000     -4.528944E-01
 2767.000     -4.487366E-01
 2768.000     -4.518539E-01
 2769.000     -4.550488E-01
 2770.000     -4.584102E-01
 2771.000     -4.544686E-01
 2772.000     -4.579835E-01
 2773.000     -4.542008E-01
 2774.000     -4.577903E-01
 2775.000     -4.615408E-01
 2776.000     -4.580020E-01
 2777.000     -4.618363E-01
 2778.000     -4.585386E-01
 2779.000     -4.625390E-01
 2780.000     -4.666943E-01
 2781.000     -4.635744E-01
 2782.000     -4.678293E-01
 2783.000     -4.649475E-01
 2784.000     -4.693749E-01
 2785.000     -4.666635E-01
 2786.000     -4.712659E-01
 2787.000     -4.686707E-01
 2788.000     -4.662207E-01
 2789.000     -4.710917E-01
 2790.000     -4.687677E-01
 2791.000     -4.738709E-01
 2792.000     -4.717302E-01
 2793.000     -4.697277E-01
 2794.000     -4.750586E-01
 2795.000     -4.731989E-01
 2796.000     -4.714729E-01
 2797.000     -4.770880E-01
 2798.000     -4.755150E-01
 2799.000     -4.740713E-01
 2800.000     -4.726919E-01
 2801.000     -4.787235E-01
 2802.000     -4.775404E-01
 2803.000     -4.764575E-01
 2804.000     -4.754962E-01
 2805.000     -4.746135E-01
 2806.000     -4.811172E-01
 2807.000     -4.804535E-01
 2808.000     -4.798770E-01
 2809.000     -4.794141E-01
 2810.000     -4.790444E-01
 2811.000     -4.787801E-01
 2812.000     -4.786244E-01
 2813.000     -4.785707E-01
 2814.000     -4.786221E-01
 2815.000     -4.787816E-01
 2816.000     -4.790499E-01
 2817.000     -4.794181E-01
 2818.000     -4.799035E-01
 2819.000     -4.804997E-01
 2820.000     -4.811904E-01
 2821.000     -4.820076E-01
 2822.000     -4.829157E-01
 2823.000     -4.766725E-01
 2824.000     -4.778274E-01
 2825.000     -4.790677E-01
 2826.000     -4.804503E-01
 2827.000     -4.819489E-01
 2828.000     -4.762425E-01
 2829.000     -4.779727E-01
 2830.000     -4.797786E-01
 2831.000     -4.744578E-01
 2832.000     -4.765416E-01
 2833.000     -4.786951E-01
 2834.000     -4.737313E-01
 2835.000     -4.761747E-01
 2836.000     -4.713955E-01
 2837.000     -4.740810E-01
 2838.000     -4.695393E-01
 2839.000     -4.724695E-01
 2840.000     -4.682371E-01
 2841.000     -4.713455E-01
 2842.000     -4.673614E-01
 2843.000     -4.707142E-01
 2844.000     -4.669810E-01
 2845.000     -4.706642E-01
 2846.000     -4.671012E-01
 2847.000     -4.637504E-01
 2848.000     -4.678191E-01
 2849.000     -4.646340E-01
 2850.000     -4.616717E-01
 2851.000     -4.587405E-01
 2852.000     -4.633308E-01
 2853.000     -4.607630E-01
 2854.000     -4.582195E-01
 2855.000     -4.559168E-01
 2856.000     -4.537492E-01
 2857.000     -4.515988E-01
 2858.000     -4.497003E-01
 2859.000     -4.478144E-01
 2860.000     -4.461876E-01
 2861.000     -4.446993E-01
 2862.000     -4.432165E-01
 2863.000     -4.420040E-01
 2864.000     -4.409321E-01
 2865.000     -4.398583E-01
 2866.000     -4.390663E-01
 2867.000     -4.382676E-01
 2868.000     -4.377582E-01
 2869.000     -4.373928E-01
 2870.000     -4.297121E-01
 2871.000     -4.296329E-01
 2872.000     -4.295344E-01
 2873.000     -4.224414E-01
 2874.000     -4.227986E-01
 2875.000     -4.231288E-01
 2876.000     -4.164742E-01
 2877.000     -4.172740E-01
 2878.000     -4.180388E-01
 2879.000     -4.118288E-01
 2880.000     -4.128856E-01
 2881.000     -4.069740E-01
 2882.000     -4.012137E-01
 2883.000     -4.027149E-01
 2884.000     -3.972572E-01
 2885.000     -3.992659E-01
 2886.000     -3.939047E-01
 2887.000     -3.889072E-01
 2888.000     -3.911617E-01
 2889.000     -3.864738E-01
 2890.000     -3.819429E-01
 2891.000     -3.773399E-01
