#ndep: 2882
#lat lon: 0.8 -24.2
   10.000      5.613984E-02
   11.000      5.172688E-02
   12.000     -1.507353E-04
   13.000     -4.225364E-02
   14.000      1.102242E-01
   15.000      1.040628E-01
   16.000      9.969168E-02
   17.000      9.577127E-02
   18.000      9.164046E-02
   19.000      8.710871E-02
   20.000      8.249593E-02
   21.000      7.794903E-02
   22.000      7.349244E-02
   23.000      6.917468E-02
   24.000      6.499559E-02
   25.000      6.100292E-02
   26.000      5.719651E-02
   27.000      5.357627E-02
   28.000      5.014258E-02
   29.000      4.691900E-02
   30.000      4.388254E-02
   31.000      4.124388E-02
   32.000      3.888612E-02
   33.000      3.627534E-02
   34.000      3.272063E-02
   35.000      1.882210E-02
   36.000      1.228320E-02
   37.000      6.922070E-03
   38.000      3.240182E-03
   39.000     -4.438337E-04
   40.000     -3.703378E-03
   41.000     -7.725347E-03
   42.000     -1.063164E-02
   43.000     -1.205206E-02
   44.000     -1.265822E-02
   45.000     -1.342840E-02
   46.000     -1.436143E-02
   47.000     -1.465692E-02
   48.000     -1.480293E-02
   49.000     -1.493173E-02
   50.000     -1.504268E-02
   51.000     -1.497931E-02
   52.000     -1.487411E-02
   53.000     -1.479313E-02
   54.000     -1.469112E-02
   55.000     -1.458968E-02
   56.000     -1.451034E-02
   57.000     -1.445258E-02
   58.000     -1.437118E-02
   59.000     -1.433239E-02
   60.000     -1.426890E-02
   61.000     -1.422454E-02
   62.000     -1.417670E-02
   63.000     -1.412472E-02
   64.000     -1.406818E-02
   65.000     -1.402897E-02
   66.000     -1.396197E-02
   67.000     -1.393382E-02
   68.000     -1.387701E-02
   69.000     -1.381357E-02
   70.000     -1.376555E-02
   71.000     -1.371024E-02
   72.000     -1.369202E-02
   73.000     -1.362128E-02
   74.000     -1.356469E-02
   75.000     -1.347730E-02
   76.000     -1.342626E-02
   77.000     -1.334388E-02
   78.000     -1.327511E-02
   79.000     -1.319720E-02
   80.000     -1.311004E-02
   81.000     -2.187087E-03
   82.000     -2.525238E-03
   83.000     -2.852232E-03
   84.000     -3.168115E-03
   85.000     -3.495433E-03
   86.000     -3.789238E-03
   87.000     -4.094582E-03
   88.000     -4.411524E-03
   89.000     -4.695094E-03
   90.000     -4.990366E-03
   91.000     -5.274879E-03
   92.000     -5.548684E-03
   93.000     -5.811831E-03
   94.000     -6.086900E-03
   95.000     -6.351418E-03
   96.000     -6.605439E-03
   97.000     -6.850172E-03
   98.000     -7.105858E-03
   99.000     -7.328667E-03
  100.000     -7.563734E-03
  101.000     -7.788572E-03
  102.000     -8.025784E-03
  103.000     -8.230332E-03
  104.000     -8.447366E-03
  105.000     -8.654395E-03
  106.000     -8.874028E-03
  107.000     -9.061216E-03
  108.000     -9.261124E-03
  109.000     -9.451253E-03
  110.000     -9.631663E-03
  111.000     -9.802410E-03
  112.000     -9.986112E-03
  113.000     -1.016027E-02
  114.000     -1.032494E-02
  115.000     -1.048018E-02
  116.000     -1.062606E-02
  117.000     -1.078518E-02
  118.000     -1.093506E-02
  119.000     -1.107575E-02
  120.000     -1.120731E-02
  121.000     -1.132980E-02
  122.000     -1.146585E-02
  123.000     -1.159295E-02
  124.000     -1.171117E-02
  125.000     -1.182056E-02
  126.000     -1.192119E-02
  127.000     -1.203568E-02
  128.000     -1.214154E-02
  129.000     -1.223881E-02
  130.000     -1.232758E-02
  131.000     -1.240800E-02
  132.000     -1.250245E-02
  133.000     -1.258858E-02
  134.000     -1.266645E-02
  135.000     -1.273612E-02
  136.000     -1.279766E-02
  137.000     -1.285114E-02
  138.000     -1.291915E-02
  139.000     -1.297922E-02
  140.000     -1.303141E-02
  141.000     -1.307579E-02
  142.000     -1.313496E-02
  143.000     -1.316391E-02
  144.000     -1.320777E-02
  145.000     -1.324408E-02
  146.000     -1.327290E-02
  147.000     -1.329430E-02
  148.000     -1.333086E-02
  149.000     -1.333762E-02
  150.000     -1.335966E-02
  151.000     -1.337454E-02
  152.000     -1.338232E-02
  153.000     -1.338308E-02
  154.000     -1.339938E-02
  155.000     -1.338627E-02
  156.000     -1.338884E-02
  157.000     -1.338464E-02
  158.000     -1.337374E-02
  159.000     -1.335621E-02
  160.000     -1.333211E-02
  161.000     -1.332400E-02
  162.000     -1.330945E-02
  163.000     -1.326607E-02
  164.000     -1.323885E-02
  165.000     -1.320469E-02
  166.000     -1.318752E-02
  167.000     -1.314179E-02
  168.000     -1.311248E-02
  169.000     -1.305476E-02
  170.000     -1.301359E-02
  171.000     -1.296659E-02
  172.000     -1.291382E-02
  173.000     -1.285536E-02
  174.000     -1.281369E-02
  175.000     -1.274404E-02
  176.000     -1.269131E-02
  177.000     -1.263315E-02
  178.000     -1.256963E-02
  179.000     -1.250081E-02
  180.000     -1.242677E-02
  181.000     -1.234757E-02
  182.000     -1.228566E-02
  183.000     -1.219635E-02
  184.000     -1.212446E-02
  185.000     -1.204767E-02
  186.000     -1.196605E-02
  187.000     -1.187967E-02
  188.000     -1.178856E-02
  189.000     -1.169280E-02
  190.000     -1.159243E-02
  191.000     -1.150984E-02
  192.000     -1.142276E-02
  193.000     -1.130890E-02
  194.000     -1.121298E-02
  195.000     -1.111273E-02
  196.000     -1.100820E-02
  197.000     -1.092173E-02
  198.000     -1.080754E-02
  199.000     -1.069049E-02
  200.000     -1.059166E-02
  201.000     -1.048881E-02
  202.000     -1.035975E-02
  203.000     -1.024905E-02
  204.000     -1.013452E-02
  205.000     -1.001619E-02
  206.000     -9.894130E-03
  207.000     -9.790624E-03
  208.000     -9.661258E-03
  209.000     -9.550544E-03
  210.000     -9.414096E-03
  211.000     -9.296396E-03
  212.000     -9.175282E-03
  213.000     -9.050811E-03
  214.000     -8.923036E-03
  215.000     -8.792013E-03
  216.000     -8.657798E-03
  217.000     -8.520445E-03
  218.000     -8.380010E-03
  219.000     -8.258695E-03
  220.000     -8.134393E-03
  221.000     -7.985025E-03
  222.000     -7.854920E-03
  223.000     -7.721992E-03
  224.000     -7.586296E-03
  225.000     -7.447885E-03
  226.000     -7.306815E-03
  227.000     -7.163139E-03
  228.000     -7.016912E-03
  229.000     -6.890263E-03
  230.000     -6.739089E-03
  231.000     -6.607586E-03
  232.000     -6.450070E-03
  233.000     -6.313922E-03
  234.000     -6.175530E-03
  235.000     -6.034950E-03
  236.000     -5.892235E-03
  237.000     -5.747438E-03
  238.000     -5.600613E-03
  239.000     -5.451812E-03
  240.000     -5.301090E-03
  241.000     -5.148499E-03
  242.000     -5.016067E-03
  243.000     -4.859889E-03
  244.000     -4.723960E-03
  245.000     -4.564408E-03
  246.000     -4.425193E-03
  247.000     -4.284411E-03
  248.000     -4.142113E-03
  249.000     -3.998351E-03
  250.000     -3.853179E-03
  251.000     -3.706647E-03
  252.000     -3.558809E-03
  253.000     -3.409715E-03
  254.000     -3.259419E-03
  255.000     -3.107970E-03
  256.000     -2.977284E-03
  257.000     -2.823679E-03
  258.000     -2.690922E-03
  259.000     -2.535368E-03
  260.000     -2.400746E-03
  261.000     -2.243445E-03
  262.000     -2.107164E-03
  263.000     -1.970124E-03
  264.000     -1.832377E-03
  265.000     -1.692221E-03
  266.000     -1.553210E-03
  267.000     -1.413644E-03
  268.000     -1.273573E-03
  269.000     -1.133048E-03
  270.000     -9.921177E-04
  271.000     -8.508334E-04
  272.000     -7.092448E-04
  273.000     -5.891183E-04
  274.000     -4.470618E-04
  275.000     -3.048501E-04
  276.000     -1.842237E-04
  277.000     -4.184185E-05
  278.000      7.887344E-05
  279.000      1.995637E-04
  280.000      3.418354E-04
  281.000      4.623195E-04
  282.000      5.826314E-04
  283.000      7.243518E-04
  284.000      8.441643E-04
  285.000      9.636585E-04
  286.000      1.082786E-03
  287.000      1.201498E-03
  288.000      1.319747E-03
  289.000      1.437484E-03
  290.000      1.554661E-03
  291.000      1.671231E-03
  292.000      1.787144E-03
  293.000      1.902355E-03
  294.000      2.016814E-03
  295.000      2.130474E-03
  296.000      2.243288E-03
  297.000      2.333702E-03
  298.000      2.444690E-03
  299.000      2.556398E-03
  300.000      2.643879E-03
  301.000      2.751759E-03
  302.000      2.858495E-03
  303.000      2.942579E-03
  304.000      3.046867E-03
  305.000      3.128409E-03
  306.000      3.230026E-03
  307.000      3.308802E-03
  308.000      3.407524E-03
  309.000      3.504712E-03
  310.000      3.578919E-03
  311.000      3.672879E-03
  312.000      3.743766E-03
  313.000      3.834278E-03
  314.000      3.922979E-03
  315.000      4.009814E-03
  316.000      4.073392E-03
  317.000      4.156340E-03
  318.000      4.237259E-03
  319.000      4.316093E-03
  320.000      4.392788E-03
  321.000      4.467291E-03
  322.000      4.539546E-03
  323.000      4.609500E-03
  324.000      4.677099E-03
  325.000      4.742288E-03
  326.000      4.805014E-03
  327.000      4.886465E-03
  328.000      4.944095E-03
  329.000      5.020325E-03
  330.000      5.072644E-03
  331.000      5.143441E-03
  332.000      5.211436E-03
  333.000      5.278046E-03
  334.000      5.340268E-03
  335.000      5.399529E-03
  336.000      5.455776E-03
  337.000      5.530117E-03
  338.000      5.580168E-03
  339.000      5.648191E-03
  340.000      5.691836E-03
  341.000      5.753330E-03
  342.000      5.811478E-03
  343.000      5.866226E-03
  344.000      5.938629E-03
  345.000      5.986413E-03
  346.000      6.051731E-03
  347.000      6.092340E-03
  348.000      6.150365E-03
  349.000      6.204660E-03
  350.000      6.276238E-03
  351.000      6.322911E-03
  352.000      6.386748E-03
  353.000      6.425590E-03
  354.000      6.481478E-03
  355.000      6.533311E-03
  356.000      6.602058E-03
  357.000      6.645616E-03
  358.000      6.705972E-03
  359.000      6.762051E-03
  360.000      6.813801E-03
  361.000      6.861170E-03
  362.000      6.925093E-03
  363.000      6.984519E-03
  364.000      7.039396E-03
  365.000      7.089674E-03
  366.000      7.136341E-03
  367.000      7.198204E-03
  368.000      7.255299E-03
  369.000      7.307576E-03
  370.000      7.354982E-03
  371.000      7.418402E-03
  372.000      7.476837E-03
  373.000      7.530236E-03
  374.000      7.578545E-03
  375.000      7.642633E-03
  376.000      7.701519E-03
  377.000      7.755151E-03
  378.000      7.824383E-03
  379.000      7.888249E-03
  380.000      7.946697E-03
  381.000      7.999674E-03
  382.000      8.068019E-03
  383.000      8.130783E-03
  384.000      8.187912E-03
  385.000      8.239354E-03
  386.000      8.305934E-03
  387.000      8.387592E-03
  388.000      8.442521E-03
  389.000      8.512416E-03
  390.000      8.576350E-03
  391.000      8.634271E-03
  392.000      8.706987E-03
  393.000      8.773579E-03
  394.000      8.854852E-03
  395.000      8.929892E-03
  396.000      8.998644E-03
  397.000      9.061058E-03
  398.000      9.137929E-03
  399.000      9.229203E-03
  400.000      9.293528E-03
  401.000      9.371718E-03
  402.000      9.443295E-03
  403.000      9.529055E-03
  404.000      9.608093E-03
  405.000      9.701204E-03
  406.000      9.787486E-03
  407.000      9.866885E-03
  408.000      9.960194E-03
  409.000      1.004651E-02
  410.000      1.012578E-02
  411.000      9.573016E-03
  412.000      9.616602E-03
  413.000      9.655256E-03
  414.000      9.707642E-03
  415.000      9.736646E-03
  416.000      9.780919E-03
  417.000      9.819135E-03
  418.000      9.874112E-03
  419.000      9.904576E-03
  420.000      9.949174E-03
  421.000      9.990715E-03
  422.000      1.002791E-02
  423.000      1.005951E-02
  424.000      1.008822E-02
  425.000      1.013269E-02
  426.000      1.017178E-02
  427.000      1.018826E-02
  428.000      1.022066E-02
  429.000      1.026778E-02
  430.000      1.029247E-02
  431.000      1.033324E-02
  432.000      1.034925E-02
  433.000      1.038268E-02
  434.000      1.041254E-02
  435.000      1.043769E-02
  436.000      1.048040E-02
  437.000      1.049992E-02
  438.000      1.053474E-02
  439.000      1.056747E-02
  440.000      1.057724E-02
  441.000      1.060250E-02
  442.000      1.062585E-02
  443.000      1.066592E-02
  444.000      1.068219E-02
  445.000      1.071643E-02
  446.000      1.072814E-02
  447.000      1.075569E-02
  448.000      1.078166E-02
  449.000      1.080500E-02
  450.000      1.082469E-02
  451.000      1.084296E-02
  452.000      1.085878E-02
  453.000      1.087117E-02
  454.000      1.090195E-02
  455.000      1.091084E-02
  456.000      1.093610E-02
  457.000      1.096029E-02
  458.000      1.096279E-02
  459.000      1.098186E-02
  460.000      1.100001E-02
  461.000      1.101628E-02
  462.000      1.102970E-02
  463.000      1.106194E-02
  464.000      1.107292E-02
  465.000      1.108125E-02
  466.000      1.110855E-02
  467.000      1.111479E-02
  468.000      1.111859E-02
  469.000      1.114151E-02
  470.000      1.116308E-02
  471.000      1.116289E-02
  472.000      1.118197E-02
  473.000      1.119989E-02
  474.000      1.119627E-02
  475.000      1.121207E-02
  476.000      1.122689E-02
  477.000      1.123984E-02
  478.000      1.125289E-02
  479.000      1.126516E-02
  480.000      1.127573E-02
  481.000      1.126718E-02
  482.000      1.127744E-02
  483.000      1.128620E-02
  484.000      1.129542E-02
  485.000      1.130421E-02
  486.000      1.131169E-02
  487.000      1.131980E-02
  488.000      1.134704E-02
  489.000      1.135376E-02
  490.000      1.136130E-02
  491.000      1.136877E-02
  492.000      1.137529E-02
  493.000      1.138279E-02
  494.000      1.139041E-02
  495.000      1.137794E-02
  496.000      1.138596E-02
  497.000      1.139426E-02
  498.000      1.140197E-02
  499.000      1.141102E-02
  500.000      1.142054E-02
  501.000      1.142963E-02
  502.000      1.142099E-02
  503.000      1.143226E-02
  504.000      1.144327E-02
  505.000      1.143674E-02
  506.000      1.145028E-02
  507.000      1.144451E-02
  508.000      1.145986E-02
  509.000      1.145698E-02
  510.000      1.147341E-02
  511.000      1.147270E-02
  512.000      1.147317E-02
  513.000      1.147391E-02
  514.000      1.147691E-02
  515.000      1.148125E-02
  516.000      1.148602E-02
  517.000      1.149324E-02
  518.000      1.150197E-02
  519.000      1.151129E-02
  520.000      1.150411E-02
  521.000      1.151775E-02
  522.000      1.151303E-02
  523.000      1.153023E-02
  524.000      1.153014E-02
  525.000      1.153083E-02
  526.000      1.153429E-02
  527.000      1.153947E-02
  528.000      1.154532E-02
  529.000      1.153479E-02
  530.000      1.154496E-02
  531.000      1.155567E-02
  532.000      1.154995E-02
  533.000      1.156479E-02
  534.000      1.156107E-02
  535.000      1.155986E-02
  536.000      1.156010E-02
  537.000      1.157968E-02
  538.000      1.158270E-02
  539.000      1.158705E-02
  540.000      1.157270E-02
  541.000      1.157965E-02
  542.000      1.158785E-02
  543.000      1.159619E-02
  544.000      1.158785E-02
  545.000      1.159960E-02
  546.000      1.159247E-02
  547.000      1.160643E-02
  548.000      1.160254E-02
  549.000      1.159860E-02
  550.000      1.159675E-02
  551.000      1.161473E-02
  552.000      1.161370E-02
  553.000      1.161465E-02
  554.000      1.161648E-02
  555.000      1.161806E-02
  556.000      1.162154E-02
  557.000      1.160699E-02
  558.000      1.161091E-02
  559.000      1.161664E-02
  560.000      1.162306E-02
  561.000      1.161024E-02
  562.000      1.161794E-02
  563.000      1.162623E-02
  564.000      1.161522E-02
  565.000      1.162460E-02
  566.000      1.161573E-02
  567.000      1.162498E-02
  568.000      1.161703E-02
  569.000      1.160951E-02
  570.000      1.161997E-02
  571.000      1.161318E-02
  572.000      1.160672E-02
  573.000      1.159945E-02
  574.000      1.161221E-02
  575.000      1.160653E-02
  576.000      1.159995E-02
  577.000      1.159464E-02
  578.000      1.158947E-02
  579.000      1.158331E-02
  580.000      1.157833E-02
  581.000      1.157341E-02
  582.000      1.158600E-02
  583.000      1.158107E-02
  584.000      1.157610E-02
  585.000      1.156995E-02
  586.000      1.156481E-02
  587.000      1.155953E-02
  588.000      1.155299E-02
  589.000      1.154735E-02
  590.000      1.154150E-02
  591.000      1.153429E-02
  592.000      1.152790E-02
  593.000      1.152120E-02
  594.000      1.151306E-02
  595.000      1.150564E-02
  596.000      1.149782E-02
  597.000      1.148848E-02
  598.000      1.147977E-02
  599.000      1.147057E-02
  600.000      1.145976E-02
  601.000      1.144949E-02
  602.000      1.143864E-02
  603.000      1.142611E-02
  604.000      1.141402E-02
  605.000      1.140126E-02
  606.000      1.138673E-02
  607.000      1.137255E-02
  608.000      1.137600E-02
  609.000      1.135921E-02
  610.000      1.134268E-02
  611.000      1.132530E-02
  612.000      1.130600E-02
  613.000      1.130520E-02
  614.000      1.128512E-02
  615.000      1.126304E-02
  616.000      1.125934E-02
  617.000      1.123631E-02
  618.000      1.122949E-02
  619.000      1.120433E-02
  620.000      1.119636E-02
  621.000      1.116794E-02
  622.000      1.115766E-02
  623.000      1.114618E-02
  624.000      1.111421E-02
  625.000      1.110025E-02
  626.000      1.108501E-02
  627.000      1.106745E-02
  628.000      1.104956E-02
  629.000      1.103030E-02
  630.000      1.100865E-02
  631.000      1.098657E-02
  632.000      1.096304E-02
  633.000      1.093704E-02
  634.000      1.091051E-02
  635.000      1.090062E-02
  636.000      1.087002E-02
  637.000      1.083879E-02
  638.000      1.082409E-02
  639.000      1.078864E-02
  640.000      1.077059E-02
  641.000      1.075083E-02
  642.000      1.071026E-02
  643.000      1.068699E-02
  644.000      1.066192E-02
  645.000      1.063408E-02
  646.000      1.060533E-02
  647.000      1.057469E-02
  648.000      1.055928E-02
  649.000      1.052479E-02
  650.000      1.048833E-02
  651.000     -3.341656E-04
  652.000     -5.220541E-04
  653.000     -6.969247E-04
  654.000     -8.706751E-04
  655.000     -1.048250E-03
  656.000     -1.218839E-03
  657.000     -1.372260E-03
  658.000     -1.546298E-03
  659.000     -1.696874E-03
  660.000     -1.847975E-03
  661.000     -1.985914E-03
  662.000     -2.124908E-03
  663.000     -2.267566E-03
  664.000     -2.404287E-03
  665.000     -2.542819E-03
  666.000     -2.668187E-03
  667.000     -2.788015E-03
  668.000     -2.910402E-03
  669.000     -3.019665E-03
  670.000     -3.131966E-03
  671.000     -3.247953E-03
  672.000     -3.342287E-03
  673.000     -3.440360E-03
  674.000     -3.542178E-03
  675.000     -3.631434E-03
  676.000     -3.724490E-03
  677.000     -3.813310E-03
  678.000     -3.906958E-03
  679.000     -3.987787E-03
  680.000     -4.064775E-03
  681.000     -4.130532E-03
  682.000     -4.216994E-03
  683.000     -4.275954E-03
  684.000     -4.339038E-03
  685.000     -4.415587E-03
  686.000     -4.465266E-03
  687.000     -4.535872E-03
  688.000     -4.587032E-03
  689.000     -4.628563E-03
  690.000     -4.691187E-03
  691.000     -4.727929E-03
  692.000     -4.785888E-03
  693.000     -4.825085E-03
  694.000     -4.855555E-03
  695.000     -4.907447E-03
  696.000     -4.940986E-03
  697.000     -4.966304E-03
  698.000     -4.996723E-03
  699.000     -5.035784E-03
  700.000     -5.063576E-03
  701.000     -5.073706E-03
  702.000     -5.109450E-03
  703.000     -5.117729E-03
  704.000     -5.151882E-03
  705.000     -5.158808E-03
  706.000     -5.181733E-03
  707.000     -5.197922E-03
  708.000     -5.203751E-03
  709.000     -5.209466E-03
  710.000     -5.225306E-03
  711.000     -5.231162E-03
  712.000     -5.247370E-03
  713.000     -5.237422E-03
  714.000     -5.244424E-03
  715.000     -5.245678E-03
  716.000     -5.254054E-03
  717.000     -5.246902E-03
  718.000     -5.250731E-03
  719.000     -5.245706E-03
  720.000     -5.251841E-03
  721.000     -5.233048E-03
  722.000     -5.232145E-03
  723.000     -5.226289E-03
  724.000     -5.228727E-03
  725.000     -5.216686E-03
  726.000     -5.199952E-03
  727.000     -5.192001E-03
  728.000     -5.179505E-03
  729.000     -5.176121E-03
  730.000     -5.158910E-03
  731.000     -5.153677E-03
  732.000     -5.141768E-03
  733.000     -5.132721E-03
  734.000     -5.119520E-03
  735.000     -5.100211E-03
  736.000     -5.093138E-03
  737.000     -5.080339E-03
  738.000     -5.071012E-03
  739.000     -5.057778E-03
  740.000     -5.039423E-03
  741.000     -5.017248E-03
  742.000     -5.006608E-03
  743.000     -5.000046E-03
  744.000     -4.989753E-03
  745.000     -4.975387E-03
  746.000     -4.949249E-03
  747.000     -4.951888E-03
  748.000     -4.934903E-03
  749.000     -4.914303E-03
  750.000     -4.906944E-03
  751.000     -4.904628E-03
  752.000     -4.882538E-03
  753.000     -4.874320E-03
  754.000     -4.871287E-03
  755.000     -4.864293E-03
  756.000     -4.855170E-03
  757.000     -4.841756E-03
  758.000     -4.842480E-03
  759.000     -4.831940E-03
  760.000     -4.816620E-03
  761.000     -4.815579E-03
  762.000     -4.803112E-03
  763.000     -4.801519E-03
  764.000     -4.798200E-03
  765.000     -4.789308E-03
  766.000     -4.794899E-03
  767.000     -4.788791E-03
  768.000     -4.792762E-03
  769.000     -4.779110E-03
  770.000     -4.791338E-03
  771.000     -4.786022E-03
  772.000     -4.784834E-03
  773.000     -4.776878E-03
  774.000     -4.783676E-03
  775.000     -4.778338E-03
  776.000     -4.781886E-03
  777.000     -4.784190E-03
  778.000     -4.779020E-03
  779.000     -4.788734E-03
  780.000     -4.786038E-03
  781.000     -4.791526E-03
  782.000     -4.795898E-03
  783.000     -4.787699E-03
  784.000     -4.803333E-03
  785.000     -4.801859E-03
  786.000     -4.807901E-03
  787.000     -4.812923E-03
  788.000     -4.821141E-03
  789.000     -4.820450E-03
  790.000     -4.818784E-03
  791.000     -4.836175E-03
  792.000     -4.828261E-03
  793.000     -4.835431E-03
  794.000     -4.849115E-03
  795.000     -4.845845E-03
  796.000     -4.861331E-03
  797.000     -4.866961E-03
  798.000     -4.871672E-03
  799.000     -4.882317E-03
  800.000     -4.892043E-03
  801.000     -4.888214E-03
  802.000     -4.905989E-03
  803.000     -4.906838E-03
  804.000     -4.909966E-03
  805.000     -4.918373E-03
  806.000     -4.941831E-03
  807.000     -4.938373E-03
  808.000     -4.949947E-03
  809.000     -4.963513E-03
  810.000     -4.965859E-03
  811.000     -4.983194E-03
  812.000     -4.986368E-03
  813.000     -4.994018E-03
  814.000     -5.000626E-03
  815.000     -5.011522E-03
  816.000     -5.021337E-03
  817.000     -5.032688E-03
  818.000     -5.048055E-03
  819.000     -5.046307E-03
  820.000     -5.061891E-03
  821.000     -5.065268E-03
  822.000     -5.083380E-03
  823.000     -5.089123E-03
  824.000     -5.093583E-03
  825.000     -5.115080E-03
  826.000     -5.123969E-03
  827.000     -5.131480E-03
  828.000     -5.142186E-03
  829.000     -5.151442E-03
  830.000     -5.161495E-03
  831.000     -5.174520E-03
  832.000     -5.170038E-03
  833.000     -5.182126E-03
  834.000     -5.196975E-03
  835.000     -5.210132E-03
  836.000     -5.209981E-03
  837.000     -5.223985E-03
  838.000     -5.238331E-03
  839.000     -5.239182E-03
  840.000     -5.254038E-03
  841.000     -5.253138E-03
  842.000     -5.270422E-03
  843.000     -5.269699E-03
  844.000     -5.287042E-03
  845.000     -5.286271E-03
  846.000     -5.301311E-03
  847.000     -5.302414E-03
  848.000     -5.317070E-03
  849.000     -5.331484E-03
  850.000     -5.331910E-03
  851.000     -5.345853E-03
  852.000     -5.345826E-03
  853.000     -5.359308E-03
  854.000     -5.356655E-03
  855.000     -5.371868E-03
  856.000     -5.368771E-03
  857.000     -5.383551E-03
  858.000     -5.380020E-03
  859.000     -5.392171E-03
  860.000     -5.390420E-03
  861.000     -5.402148E-03
  862.000     -5.413664E-03
  863.000     -5.411305E-03
  864.000     -5.422412E-03
  865.000     -5.419660E-03
  866.000     -5.430368E-03
  867.000     -5.440877E-03
  868.000     -5.437550E-03
  869.000     -5.447673E-03
  870.000     -5.441726E-03
  871.000     -5.453725E-03
  872.000     -5.463284E-03
  873.000     -5.459049E-03
  874.000     -5.468247E-03
  875.000     -5.477265E-03
  876.000     -5.472510E-03
  877.000     -5.481180E-03
  878.000     -5.473812E-03
  879.000     -5.484425E-03
  880.000     -5.492589E-03
  881.000     -5.487018E-03
  882.000     -5.494857E-03
  883.000     -5.502535E-03
  884.000     -5.496501E-03
  885.000     -5.503869E-03
  886.000     -5.497538E-03
  887.000     -5.504606E-03
  888.000     -5.511524E-03
  889.000     -5.504764E-03
  890.000     -5.511396E-03
  891.000     -5.517885E-03
  892.000     -5.510718E-03
  893.000     -5.516934E-03
  894.000     -5.525346E-03
  895.000     -5.515461E-03
  896.000     -5.521284E-03
  897.000     -5.529317E-03
  898.000     -5.519057E-03
  899.000     -5.524508E-03
  900.000     -5.532183E-03
  901.000     -5.537396E-03
  902.000     -5.529018E-03
  903.000     -5.534006E-03
  904.000     -5.538882E-03
  905.000     -5.530186E-03
  906.000     -5.534850E-03
  907.000     -5.539410E-03
  908.000     -5.530415E-03
  909.000     -5.534777E-03
  910.000     -5.541407E-03
  911.000     -5.529769E-03
  912.000     -5.533849E-03
  913.000     -5.540210E-03
  914.000     -5.528310E-03
  915.000     -5.534504E-03
  916.000     -5.538243E-03
  917.000     -5.526100E-03
  918.000     -5.532060E-03
  919.000     -5.535566E-03
  920.000     -5.538998E-03
  921.000     -5.528948E-03
  922.000     -5.532242E-03
  923.000     -5.537855E-03
  924.000     -5.525231E-03
  925.000     -5.528334E-03
  926.000     -5.533767E-03
  927.000     -5.520971E-03
  928.000     -5.523905E-03
  929.000     -5.529177E-03
  930.000     -5.516230E-03
  931.000     -5.521407E-03
  932.000     -5.524147E-03
  933.000     -5.526843E-03
  934.000     -5.516121E-03
  935.000     -5.518740E-03
  936.000     -5.521322E-03
  937.000     -5.510499E-03
  938.000     -5.513017E-03
  939.000     -5.502139E-03
  940.000     -5.504602E-03
  941.000     -5.507040E-03
  942.000     -5.511853E-03
  943.000     -5.498492E-03
  944.000     -5.500871E-03
  945.000     -5.505632E-03
  946.000     -5.492230E-03
  947.000     -5.496969E-03
  948.000     -5.499301E-03
  949.000     -5.485880E-03
  950.000     -5.490600E-03
  951.000     -5.492921E-03
  952.000     -5.481898E-03
  953.000     -5.484224E-03
  954.000     -5.486554E-03
  955.000     -5.475551E-03
  956.000     -5.477900E-03
  957.000     -5.480261E-03
  958.000     -5.469299E-03
  959.000     -5.471692E-03
  960.000     -5.460769E-03
  961.000     -5.463203E-03
  962.000     -5.465660E-03
  963.000     -5.454811E-03
  964.000     -5.457323E-03
  965.000     -5.459866E-03
  966.000     -5.449110E-03
  967.000     -5.451722E-03
  968.000     -5.441040E-03
  969.000     -5.443729E-03
  970.000     -5.446458E-03
  971.000     -5.435898E-03
  972.000     -5.438708E-03
  973.000     -5.441558E-03
  974.000     -5.431121E-03
  975.000     -5.434051E-03
  976.000     -5.423694E-03
  977.000     -5.426704E-03
  978.000     -5.429753E-03
  979.000     -5.419517E-03
  980.000     -5.422645E-03
  981.000     -5.412488E-03
  982.000     -5.415695E-03
  983.000     -5.403249E-03
  984.000     -5.408901E-03
  985.000     -5.412224E-03
  986.000     -5.399898E-03
  987.000     -5.405663E-03
  988.000     -5.393418E-03
  989.000     -5.399257E-03
  990.000     -5.387091E-03
  991.000     -5.390645E-03
  992.000     -5.380917E-03
  993.000     -5.384546E-03
  994.000     -5.388213E-03
  995.000     -5.378599E-03
  996.000     -5.382340E-03
  997.000     -5.372803E-03
  998.000     -5.376618E-03
  999.000     -5.364805E-03
 1000.000     -5.371045E-03
 1001.000     -5.359308E-03
 1002.000     -5.363271E-03
 1003.000     -5.353958E-03
 1004.000     -5.357994E-03
 1005.000     -5.348755E-03
 1006.000     -5.352863E-03
 1007.000     -5.341354E-03
 1008.000     -5.347877E-03
 1009.000     -5.336442E-03
 1010.000     -5.343034E-03
 1011.000     -5.331674E-03
 1012.000     -5.335997E-03
 1013.000     -5.327047E-03
 1014.000     -5.331440E-03
 1015.000     -5.320228E-03
 1016.000     -5.327025E-03
 1017.000     -5.315885E-03
 1018.000     -5.322749E-03
 1019.000     -5.311682E-03
 1020.000     -5.316283E-03
 1021.000     -5.307616E-03
 1022.000     -5.296657E-03
 1023.000     -5.301362E-03
 1024.000     -5.292799E-03
 1025.000     -5.297572E-03
 1026.000     -5.289078E-03
 1027.000     -5.293917E-03
 1028.000     -5.283169E-03
 1029.000     -5.290396E-03
 1030.000     -5.279718E-03
 1031.000     -5.284690E-03
 1032.000     -5.276399E-03
 1033.000     -5.265825E-03
 1034.000     -5.273212E-03
 1035.000     -5.262706E-03
 1036.000     -5.267842E-03
 1037.000     -5.259717E-03
 1038.000     -5.249314E-03
 1039.000     -5.256858E-03
 1040.000     -5.246521E-03
 1041.000     -5.251818E-03
 1042.000     -5.243856E-03
 1043.000     -5.233619E-03
 1044.000     -5.239012E-03
 1045.000     -5.231146E-03
 1046.000     -5.236601E-03
 1047.000     -5.228798E-03
 1048.000     -5.218726E-03
 1049.000     -5.224274E-03
 1050.000     -5.216567E-03
 1051.000     -5.222175E-03
 1052.000     -5.212232E-03
 1053.000     -5.204619E-03
 1054.000     -5.210319E-03
 1055.000     -5.202767E-03
 1056.000     -5.192951E-03
 1057.000     -5.198742E-03
 1058.000     -5.191282E-03
 1059.000     -5.197131E-03
 1060.000     -5.187440E-03
 1061.000     -5.180071E-03
 1062.000     -5.186009E-03
 1063.000     -5.178699E-03
 1064.000     -5.169131E-03
 1065.000     -5.175157E-03
 1066.000     -5.167936E-03
 1067.000     -5.158460E-03
 1068.000     -5.166856E-03
 1069.000     -5.157439E-03
 1070.000     -5.148053E-03
 1071.000     -5.156531E-03
 1072.000     -5.147204E-03
 1073.000     -5.137907E-03
 1074.000     -5.146467E-03
 1075.000     -5.137228E-03
 1076.000     -5.130296E-03
 1077.000     -5.121116E-03
 1078.000     -5.127508E-03
 1079.000     -5.120660E-03
 1080.000     -5.111566E-03
 1081.000     -5.118040E-03
 1082.000     -5.111275E-03
 1083.000     -5.102267E-03
 1084.000     -5.111091E-03
 1085.000     -5.102138E-03
 1086.000     -5.093214E-03
 1087.000     -5.086587E-03
 1088.000     -5.093246E-03
 1089.000     -5.084405E-03
 1090.000     -5.077858E-03
 1091.000     -5.084594E-03
 1092.000     -5.078099E-03
 1093.000     -5.069368E-03
 1094.000     -5.060663E-03
 1095.000     -5.069765E-03
 1096.000     -5.061113E-03
 1097.000     -5.054749E-03
 1098.000     -5.046152E-03
 1099.000     -5.053091E-03
 1100.000     -5.046804E-03
 1101.000     -5.038285E-03
 1102.000     -5.029793E-03
 1103.000     -5.039086E-03
 1104.000     -5.030645E-03
 1105.000     -5.024484E-03
 1106.000     -5.016094E-03
 1107.000     -5.023229E-03
 1108.000     -5.017141E-03
 1109.000     -5.008827E-03
 1110.000     -5.000539E-03
 1111.000     -4.994526E-03
 1112.000     -5.001779E-03
 1113.000     -4.995812E-03
 1114.000     -4.987623E-03
 1115.000     -4.979459E-03
 1116.000     -4.973565E-03
 1117.000     -4.980933E-03
 1118.000     -4.972841E-03
 1119.000     -4.967017E-03
 1120.000     -4.958973E-03
 1121.000     -4.953196E-03
 1122.000     -4.960676E-03
 1123.000     -4.952703E-03
 1124.000     -4.946993E-03
 1125.000     -4.939068E-03
 1126.000     -4.933403E-03
 1127.000     -4.940993E-03
 1128.000     -4.933136E-03
 1129.000     -4.927538E-03
 1130.000     -4.919727E-03
 1131.000     -4.911939E-03
 1132.000     -4.906407E-03
 1133.000     -4.914124E-03
 1134.000     -4.908635E-03
 1135.000     -4.900935E-03
 1136.000     -4.893258E-03
 1137.000     -4.887834E-03
 1138.000     -4.880201E-03
 1139.000     -4.888041E-03
 1140.000     -4.882679E-03
 1141.000     -4.875110E-03
 1142.000     -4.869790E-03
 1143.000     -4.862263E-03
 1144.000     -4.854759E-03
 1145.000     -4.849500E-03
 1146.000     -4.857478E-03
 1147.000     -4.850035E-03
 1148.000     -4.844836E-03
 1149.000     -4.837434E-03
 1150.000     -4.832275E-03
 1151.000     -4.824915E-03
 1152.000     -4.817574E-03
 1153.000     -4.812474E-03
 1154.000     -4.820603E-03
 1155.000     -4.815540E-03
 1156.000     -4.808278E-03
 1157.000     -4.801036E-03
 1158.000     -4.796031E-03
 1159.000     -4.788828E-03
 1160.000     -4.781645E-03
 1161.000     -4.776695E-03
 1162.000     -4.784967E-03
 1163.000     -4.780053E-03
 1164.000     -4.772945E-03
 1165.000     -4.765855E-03
 1166.000     -4.760995E-03
 1167.000     -4.753942E-03
 1168.000     -4.746908E-03
 1169.000     -4.742102E-03
 1170.000     -4.735104E-03
 1171.000     -4.730333E-03
 1172.000     -4.723371E-03
 1173.000     -4.716426E-03
 1174.000     -4.711707E-03
 1175.000     -4.720196E-03
 1176.000     -4.713303E-03
 1177.000     -4.708633E-03
 1178.000     -4.701775E-03
 1179.000     -4.697138E-03
 1180.000     -4.690313E-03
 1181.000     -4.683505E-03
 1182.000     -4.678917E-03
 1183.000     -4.672143E-03
 1184.000     -4.665385E-03
 1185.000     -4.660845E-03
 1186.000     -4.654119E-03
 1187.000     -4.649610E-03
 1188.000     -4.642917E-03
 1189.000     -4.636240E-03
 1190.000     -4.631777E-03
 1191.000     -4.625131E-03
 1192.000     -4.620697E-03
 1193.000     -4.614082E-03
 1194.000     -4.607483E-03
 1195.000     -4.603094E-03
 1196.000     -4.596524E-03
 1197.000     -4.605337E-03
 1198.000     -4.585624E-03
 1199.000     -4.594464E-03
 1200.000     -4.574782E-03
 1201.000     -4.583647E-03
 1202.000     -4.577164E-03
 1203.000     -4.572887E-03
 1204.000     -4.566432E-03
 1205.000     -4.559992E-03
 1206.000     -4.555755E-03
 1207.000     -4.549342E-03
 1208.000     -4.545131E-03
 1209.000     -4.538745E-03
 1210.000     -4.532373E-03
 1211.000     -4.528201E-03
 1212.000     -4.521855E-03
 1213.000     -4.515522E-03
 1214.000     -4.496045E-03
 1215.000     -4.505080E-03
 1216.000     -4.485631E-03
 1217.000     -4.479350E-03
 1218.000     -4.473082E-03
 1219.000     -4.469010E-03
 1220.000     -4.462766E-03
 1221.000     -4.458717E-03
 1222.000     -4.452497E-03
 1223.000     -4.446290E-03
 1224.000     -4.442275E-03
 1225.000     -4.436091E-03
 1226.000     -4.429918E-03
 1227.000     -4.425937E-03
 1228.000     -4.419786E-03
 1229.000     -4.415827E-03
 1230.000     -4.409698E-03
 1231.000     -4.403581E-03
 1232.000     -4.399653E-03
 1233.000     -4.393557E-03
 1234.000     -4.387472E-03
 1235.000     -4.383575E-03
 1236.000     -4.377510E-03
 1237.000     -4.358322E-03
 1238.000     -4.352279E-03
 1239.000     -4.346246E-03
 1240.000     -4.342399E-03
 1241.000     -4.336386E-03
 1242.000     -4.330382E-03
 1243.000     -4.326562E-03
 1244.000     -4.320578E-03
 1245.000     -4.316776E-03
 1246.000     -4.310810E-03
 1247.000     -4.304853E-03
 1248.000     -4.301077E-03
 1249.000     -4.295138E-03
 1250.000     -4.276085E-03
 1251.000     -4.270165E-03
 1252.000     -4.264253E-03
 1253.000     -4.260519E-03
 1254.000     -4.254624E-03
 1255.000     -4.248737E-03
 1256.000     -4.245026E-03
 1257.000     -4.239155E-03
 1258.000     -4.235459E-03
 1259.000     -4.229603E-03
 1260.000     -4.223755E-03
 1261.000     -4.204804E-03
 1262.000     -4.198971E-03
 1263.000     -4.193147E-03
 1264.000     -4.189495E-03
 1265.000     -4.183684E-03
 1266.000     -4.180045E-03
 1267.000     -4.174247E-03
 1268.000     -4.168457E-03
 1269.000     -4.149570E-03
 1270.000     -4.143794E-03
 1271.000     -4.138024E-03
 1272.000     -4.134423E-03
 1273.000     -4.128665E-03
 1274.000     -4.125076E-03
 1275.000     -4.119330E-03
 1276.000     -4.113589E-03
 1277.000     -4.094760E-03
 1278.000     -4.089032E-03
 1279.000     -4.085471E-03
 1280.000     -4.079753E-03
 1281.000     -4.074041E-03
 1282.000     -4.070494E-03
 1283.000     -4.049544E-03
 1284.000     -4.043849E-03
 1285.000     -4.040319E-03
 1286.000     -4.034636E-03
 1287.000     -4.031116E-03
 1288.000     -4.025445E-03
 1289.000     -4.019779E-03
 1290.000     -4.001040E-03
 1291.000     -3.995389E-03
 1292.000     -3.989744E-03
 1293.000     -3.986263E-03
 1294.000     -3.980633E-03
 1295.000     -3.961934E-03
 1296.000     -3.956320E-03
 1297.000     -3.950713E-03
 1298.000     -3.947268E-03
 1299.000     -3.941676E-03
 1300.000     -3.936093E-03
 1301.000     -3.917448E-03
 1302.000     -3.911882E-03
 1303.000     -3.908478E-03
 1304.000     -3.902929E-03
 1305.000     -3.897389E-03
 1306.000     -3.878793E-03
 1307.000     -3.873273E-03
 1308.000     -3.869912E-03
 1309.000     -3.864410E-03
 1310.000     -3.858918E-03
 1311.000     -3.840375E-03
 1312.000     -3.834904E-03
 1313.000     -3.829442E-03
 1314.000     -3.826139E-03
 1315.000     -3.820698E-03
 1316.000     -3.802213E-03
 1317.000     -3.796794E-03
 1318.000     -3.791386E-03
 1319.000     -3.788136E-03
 1320.000     -3.782750E-03
 1321.000     -3.762180E-03
 1322.000     -3.758963E-03
 1323.000     -3.753613E-03
 1324.000     -3.750419E-03
 1325.000     -3.729902E-03
 1326.000     -3.724589E-03
 1327.000     -3.721431E-03
 1328.000     -3.716143E-03
 1329.000     -3.710867E-03
 1330.000     -3.692561E-03
 1331.000     -3.687312E-03
 1332.000     -3.684217E-03
 1333.000     -3.678994E-03
 1334.000     -3.658605E-03
 1335.000     -3.655550E-03
 1336.000     -3.650368E-03
 1337.000     -3.632164E-03
 1338.000     -3.627012E-03
 1339.000     -3.621874E-03
 1340.000     -3.618887E-03
 1341.000     -3.598607E-03
 1342.000     -3.593514E-03
 1343.000     -3.590570E-03
 1344.000     -3.585506E-03
 1345.000     -3.567427E-03
 1346.000     -3.562394E-03
 1347.000     -3.557377E-03
 1348.000     -3.554508E-03
 1349.000     -3.534362E-03
 1350.000     -3.529393E-03
 1351.000     -3.526571E-03
 1352.000     -3.521634E-03
 1353.000     -3.503689E-03
 1354.000     -3.498786E-03
 1355.000     -3.493900E-03
 1356.000     -3.476008E-03
 1357.000     -3.471157E-03
 1358.000     -3.466322E-03
 1359.000     -3.463631E-03
 1360.000     -3.443687E-03
 1361.000     -3.441031E-03
 1362.000     -3.436267E-03
 1363.000     -3.416380E-03
 1364.000     -3.413778E-03
 1365.000     -3.409069E-03
 1366.000     -3.391364E-03
 1367.000     -3.386694E-03
 1368.000     -3.382042E-03
 1369.000     -3.379529E-03
 1370.000     -3.359783E-03
 1371.000     -3.355189E-03
 1372.000     -3.352733E-03
 1373.000     -3.333050E-03
 1374.000     -3.330632E-03
 1375.000     -3.326117E-03
 1376.000     -3.306498E-03
 1377.000     -3.304140E-03
 1378.000     -3.299685E-03
 1379.000     -3.280132E-03
 1380.000     -3.277834E-03
 1381.000     -3.273442E-03
 1382.000     -3.256068E-03
 1383.000     -3.251719E-03
 1384.000     -3.247391E-03
 1385.000     -3.230083E-03
 1386.000     -3.225799E-03
 1387.000     -3.221537E-03
 1388.000     -3.204297E-03
 1389.000     -3.200079E-03
 1390.000     -3.197990E-03
 1391.000     -3.178712E-03
 1392.000     -3.174562E-03
 1393.000     -3.172540E-03
 1394.000     -3.153333E-03
 1395.000     -3.149252E-03
 1396.000     -3.147297E-03
 1397.000     -3.128165E-03
 1398.000     -3.126256E-03
 1399.000     -3.122268E-03
 1400.000     -3.103211E-03
 1401.000     -3.101371E-03
 1402.000     -3.097456E-03
 1403.000     -3.080573E-03
 1404.000     -3.076706E-03
 1405.000     -3.057778E-03
 1406.000     -3.056057E-03
 1407.000     -3.052265E-03
 1408.000     -3.033415E-03
 1409.000     -3.031768E-03
 1410.000     -3.028051E-03
 1411.000     -3.011374E-03
 1412.000     -3.007709E-03
 1413.000     -2.988993E-03
 1414.000     -2.987471E-03
 1415.000     -2.983884E-03
 1416.000     -2.965251E-03
 1417.000     -2.963806E-03
 1418.000     -2.960298E-03
 1419.000     -2.943835E-03
 1420.000     -2.940382E-03
 1421.000     -2.921889E-03
 1422.000     -2.920575E-03
 1423.000     -2.917203E-03
 1424.000     -2.898796E-03
 1425.000     -2.897562E-03
 1426.000     -2.879213E-03
 1427.000     -2.878034E-03
 1428.000     -2.874801E-03
 1429.000     -2.856541E-03
 1430.000     -2.855444E-03
 1431.000     -2.837243E-03
 1432.000     -2.836202E-03
 1433.000     -2.818061E-03
 1434.000     -2.815002E-03
 1435.000     -2.814045E-03
 1436.000     -2.795996E-03
 1437.000     -2.793025E-03
 1438.000     -2.777110E-03
 1439.000     -2.774198E-03
 1440.000     -2.758344E-03
 1441.000     -2.755492E-03
 1442.000     -2.752671E-03
 1443.000     -2.736908E-03
 1444.000     -2.734148E-03
 1445.000     -2.716382E-03
 1446.000     -2.715749E-03
 1447.000     -2.713081E-03
 1448.000     -2.697475E-03
 1449.000     -2.694869E-03
 1450.000     -2.677266E-03
 1451.000     -2.676784E-03
 1452.000     -2.659247E-03
 1453.000     -2.656769E-03
 1454.000     -2.641356E-03
 1455.000     -2.638943E-03
 1456.000     -2.623596E-03
 1457.000     -2.621247E-03
 1458.000     -2.618932E-03
 1459.000     -2.603683E-03
 1460.000     -2.601433E-03
 1461.000     -2.586251E-03
 1462.000     -2.584068E-03
 1463.000     -2.566904E-03
 1464.000     -2.566837E-03
 1465.000     -2.549743E-03
 1466.000     -2.547695E-03
 1467.000     -2.532718E-03
 1468.000     -2.530738E-03
 1469.000     -2.515830E-03
 1470.000     -2.513919E-03
 1471.000     -2.512042E-03
 1472.000     -2.497239E-03
 1473.000     -2.495432E-03
 1474.000     -2.478660E-03
 1475.000     -2.478962E-03
 1476.000     -2.462264E-03
 1477.000     -2.462634E-03
 1478.000     -2.446009E-03
 1479.000     -2.444416E-03
 1480.000     -2.429899E-03
 1481.000     -2.428377E-03
 1482.000     -2.411902E-03
 1483.000     -2.412484E-03
 1484.000     -2.396085E-03
 1485.000     -2.396738E-03
 1486.000     -2.380414E-03
 1487.000     -2.379113E-03
 1488.000     -2.364892E-03
 1489.000     -2.363665E-03
 1490.000     -2.349519E-03
 1491.000     -2.348368E-03
 1492.000     -2.332276E-03
 1493.000     -2.333221E-03
 1494.000     -2.317208E-03
 1495.000     -2.316209E-03
 1496.000     -2.302292E-03
 1497.000     -2.301370E-03
 1498.000     -2.287531E-03
 1499.000     -2.286686E-03
 1500.000     -2.270912E-03
 1501.000     -2.272158E-03
 1502.000     -2.256465E-03
 1503.000     -2.255777E-03
 1504.000     -2.242175E-03
 1505.000     -2.241566E-03
 1506.000     -2.228043E-03
 1507.000     -2.212555E-03
 1508.000     -2.212067E-03
 1509.000     -2.198667E-03
 1510.000     -2.198259E-03
 1511.000     -2.182938E-03
 1512.000     -2.184613E-03
 1513.000     -2.169376E-03
 1514.000     -2.171130E-03
 1515.000     -2.155977E-03
 1516.000     -2.155816E-03
 1517.000     -2.142744E-03
 1518.000     -2.142665E-03
 1519.000     -2.129677E-03
 1520.000     -2.114738E-03
 1521.000     -2.114786E-03
 1522.000     -2.101925E-03
 1523.000     -2.102057E-03
 1524.000     -2.087293E-03
 1525.000     -2.089497E-03
 1526.000     -2.074821E-03
 1527.000     -2.077108E-03
 1528.000     -2.062520E-03
 1529.000     -2.047977E-03
 1530.000     -2.050392E-03
 1531.000     -2.035938E-03
 1532.000     -2.036459E-03
 1533.000     -2.024073E-03
 1534.000     -2.024681E-03
 1535.000     -2.012383E-03
 1536.000     -1.998156E-03
 1537.000     -1.998897E-03
 1538.000     -1.986734E-03
 1539.000     -1.987564E-03
 1540.000     -1.973520E-03
 1541.000     -1.976409E-03
 1542.000     -1.962458E-03
 1543.000     -1.950520E-03
 1544.000     -1.951576E-03
 1545.000     -1.937765E-03
 1546.000     -1.940875E-03
 1547.000     -1.927158E-03
 1548.000     -1.915449E-03
 1549.000     -1.916735E-03
 1550.000     -1.903160E-03
 1551.000     -1.906495E-03
 1552.000     -1.893016E-03
 1553.000     -1.894488E-03
 1554.000     -1.883058E-03
 1555.000     -1.869723E-03
 1556.000     -1.873287E-03
 1557.000     -1.860049E-03
 1558.000     -1.861757E-03
 1559.000     -1.850564E-03
 1560.000     -1.837472E-03
 1561.000     -1.839324E-03
 1562.000     -1.828275E-03
 1563.000     -1.815332E-03
 1564.000     -1.819269E-03
 1565.000     -1.806425E-03
 1566.000     -1.808519E-03
 1567.000     -1.797712E-03
 1568.000     -1.785018E-03
 1569.000     -1.787259E-03
 1570.000     -1.776599E-03
 1571.000     -1.778939E-03
 1572.000     -1.768377E-03
 1573.000     -1.755936E-03
 1574.000     -1.758425E-03
 1575.000     -1.748013E-03
 1576.000     -1.735726E-03
 1577.000     -1.740289E-03
 1578.000     -1.728104E-03
 1579.000     -1.730844E-03
 1580.000     -1.720683E-03
 1581.000     -1.708655E-03
 1582.000     -1.711547E-03
 1583.000     -1.701540E-03
 1584.000     -1.689668E-03
 1585.000     -1.694628E-03
 1586.000     -1.682861E-03
 1587.000     -1.671148E-03
 1588.000     -1.676260E-03
 1589.000     -1.664653E-03
 1590.000     -1.653099E-03
 1591.000     -1.658364E-03
 1592.000     -1.646917E-03
 1593.000     -1.637428E-03
 1594.000     -1.640944E-03
 1595.000     -1.629659E-03
 1596.000     -1.620328E-03
 1597.000     -1.624003E-03
 1598.000     -1.612881E-03
 1599.000     -1.603710E-03
 1600.000     -1.607545E-03
 1601.000     -1.598480E-03
 1602.000     -1.587578E-03
 1603.000     -1.591575E-03
 1604.000     -1.582671E-03
 1605.000     -1.571934E-03
 1606.000     -1.577978E-03
 1607.000     -1.567351E-03
 1608.000     -1.556780E-03
 1609.000     -1.562984E-03
 1610.000     -1.552523E-03
 1611.000     -1.542119E-03
 1612.000     -1.548482E-03
 1613.000     -1.538189E-03
 1614.000     -1.529828E-03
 1615.000     -1.534477E-03
 1616.000     -1.524352E-03
 1617.000     -1.516155E-03
 1618.000     -1.520969E-03
 1619.000     -1.511013E-03
 1620.000     -1.502981E-03
 1621.000     -1.507961E-03
 1622.000     -1.500039E-03
 1623.000     -1.490309E-03
 1624.000     -1.495455E-03
 1625.000     -1.487699E-03
 1626.000     -1.478140E-03
 1627.000     -1.468639E-03
 1628.000     -1.475865E-03
 1629.000     -1.466478E-03
 1630.000     -1.459001E-03
 1631.000     -1.464539E-03
 1632.000     -1.455323E-03
 1633.000     -1.448014E-03
 1634.000     -1.438914E-03
 1635.000     -1.444679E-03
 1636.000     -1.437539E-03
 1637.000     -1.428613E-03
 1638.000     -1.436389E-03
 1639.000     -1.427578E-03
 1640.000     -1.418825E-03
 1641.000     -1.411969E-03
 1642.000     -1.418132E-03
 1643.000     -1.411388E-03
 1644.000     -1.402869E-03
 1645.000     -1.409203E-03
 1646.000     -1.402631E-03
 1647.000     -1.394288E-03
 1648.000     -1.386004E-03
 1649.000     -1.394395E-03
 1650.000     -1.386228E-03
 1651.000     -1.379943E-03
 1652.000     -1.371895E-03
 1653.000     -1.378692E-03
 1654.000     -1.372581E-03
 1655.000     -1.364710E-03
 1656.000     -1.356899E-03
 1657.000     -1.365744E-03
 1658.000     -1.358052E-03
 1659.000     -1.352232E-03
 1660.000     -1.344659E-03
 1661.000     -1.351924E-03
 1662.000     -1.346279E-03
 1663.000     -1.338886E-03
 1664.000     -1.346328E-03
 1665.000     -1.340858E-03
 1666.000     -1.333646E-03
 1667.000     -1.328295E-03
 1668.000     -1.321204E-03
 1669.000     -1.328942E-03
 1670.000     -1.323768E-03
 1671.000     -1.316858E-03
 1672.000     -1.311803E-03
 1673.000     -1.319778E-03
 1674.000     -1.313052E-03
 1675.000     -1.308175E-03
 1676.000     -1.301570E-03
 1677.000     -1.309786E-03
 1678.000     -1.305088E-03
 1679.000     -1.298668E-03
 1680.000     -1.294090E-03
 1681.000     -1.287792E-03
 1682.000     -1.296310E-03
 1683.000     -1.291912E-03
 1684.000     -1.285800E-03
 1685.000     -1.279750E-03
 1686.000     -1.290282E-03
 1687.000     -1.284356E-03
 1688.000     -1.280260E-03
 1689.000     -1.274458E-03
 1690.000     -1.268719E-03
 1691.000     -1.279549E-03
 1692.000     -1.273934E-03
 1693.000     -1.268382E-03
 1694.000     -1.264652E-03
 1695.000     -1.259226E-03
 1696.000     -1.270356E-03
 1697.000     -1.265054E-03
 1698.000     -1.259816E-03
 1699.000     -1.256393E-03
 1700.000     -1.251281E-03
 1701.000     -1.262713E-03
 1702.000     -1.257727E-03
 1703.000     -1.252804E-03
 1704.000     -1.249690E-03
 1705.000     -1.244895E-03
 1706.000     -1.254890E-03
 1707.000     -1.251962E-03
 1708.000     -1.247357E-03
 1709.000     -1.244554E-03
 1710.000     -1.240077E-03
 1711.000     -1.250385E-03
 1712.000     -1.247769E-03
 1713.000     -1.243485E-03
 1714.000     -1.239265E-03
 1715.000     -1.236838E-03
 1716.000     -1.232748E-03
 1717.000     -1.230446E-03
 1718.000     -1.241197E-03
 1719.000     -1.237300E-03
 1720.000     -1.235187E-03
 1721.000     -1.231420E-03
 1722.000     -1.227718E-03
 1723.000     -1.240503E-03
 1724.000     -1.236930E-03
 1725.000     -1.235135E-03
 1726.000     -1.231693E-03
 1727.000     -1.228317E-03
 1728.000     -1.226713E-03
 1729.000     -1.223468E-03
 1730.000     -1.236691E-03
 1731.000     -1.233576E-03
 1732.000     -1.230528E-03
 1733.000     -1.229244E-03
 1734.000     -1.226328E-03
 1735.000     -1.223478E-03
 1736.000     -1.222388E-03
 1737.000     -1.234361E-03
 1738.000     -1.233400E-03
 1739.000     -1.230814E-03
 1740.000     -1.228295E-03
 1741.000     -1.227528E-03
 1742.000     -1.225142E-03
 1743.000     -1.237508E-03
 1744.000     -1.236936E-03
 1745.000     -1.234750E-03
 1746.000     -1.234309E-03
 1747.000     -1.232257E-03
 1748.000     -1.230272E-03
 1749.000     -1.230028E-03
 1750.000     -1.228178E-03
 1751.000     -1.241071E-03
 1752.000     -1.241024E-03
 1753.000     -1.239375E-03
 1754.000     -1.239459E-03
 1755.000     -1.237946E-03
 1756.000     -1.236501E-03
 1757.000     -1.236785E-03
 1758.000     -1.235475E-03
 1759.000     -1.235891E-03
 1760.000     -1.249383E-03
 1761.000     -1.248277E-03
 1762.000     -1.248892E-03
 1763.000     -1.247923E-03
 1764.000     -1.247023E-03
 1765.000     -1.247838E-03
 1766.000     -1.247075E-03
 1767.000     -1.248024E-03
 1768.000     -1.247398E-03
 1769.000     -1.261497E-03
 1770.000     -1.262647E-03
 1771.000     -1.262227E-03
 1772.000     -1.261877E-03
 1773.000     -1.263230E-03
 1774.000     -1.263018E-03
 1775.000     -1.264506E-03
 1776.000     -1.264433E-03
 1777.000     -1.264429E-03
 1778.000     -1.266121E-03
 1779.000     -1.266257E-03
 1780.000     -1.281106E-03
 1781.000     -1.283001E-03
 1782.000     -1.283346E-03
 1783.000     -1.285377E-03
 1784.000     -1.285862E-03
 1785.000     -1.286416E-03
 1786.000     -1.288654E-03
 1787.000     -1.289349E-03
 1788.000     -1.291723E-03
 1789.000     -1.292559E-03
 1790.000     -1.293466E-03
 1791.000     -1.296047E-03
 1792.000     -1.297095E-03
 1793.000     -1.298215E-03
 1794.000     -1.301004E-03
 1795.000     -1.316892E-03
 1796.000     -1.305192E-03
 1797.000     -1.321220E-03
 1798.000     -1.322693E-03
 1799.000     -1.325828E-03
 1800.000     -1.327444E-03
 1801.000     -1.329132E-03
 1802.000     -1.332477E-03
 1803.000     -1.334307E-03
 1804.000     -1.337791E-03
 1805.000     -1.339765E-03
 1806.000     -1.341812E-03
 1807.000     -1.345506E-03
 1808.000     -1.347696E-03
 1809.000     -1.349959E-03
 1810.000     -1.353865E-03
 1811.000     -1.356272E-03
 1812.000     -1.360319E-03
 1813.000     -1.362870E-03
 1814.000     -1.365495E-03
 1815.000     -1.369754E-03
 1816.000     -1.372523E-03
 1817.000     -1.376925E-03
 1818.000     -1.379839E-03
 1819.000     -1.382827E-03
 1820.000     -1.387442E-03
 1821.000     -1.405174E-03
 1822.000     -1.408381E-03
 1823.000     -1.413209E-03
 1824.000     -1.416561E-03
 1825.000     -1.421533E-03
 1826.000     -1.425031E-03
 1827.000     -1.428604E-03
 1828.000     -1.433791E-03
 1829.000     -1.437511E-03
 1830.000     -1.441306E-03
 1831.000     -1.446709E-03
 1832.000     -1.450651E-03
 1833.000     -1.456198E-03
 1834.000     -1.460287E-03
 1835.000     -1.464452E-03
 1836.000     -1.470217E-03
 1837.000     -1.474529E-03
 1838.000     -1.478917E-03
 1839.000     -1.484900E-03
 1840.000     -1.489436E-03
 1841.000     -1.495565E-03
 1842.000     -1.500250E-03
 1843.000     -1.505011E-03
 1844.000     -1.511359E-03
 1845.000     -1.516269E-03
 1846.000     -1.521255E-03
 1847.000     -1.527823E-03
 1848.000     -1.532959E-03
 1849.000     -1.525104E-03
 1850.000     -1.530391E-03
 1851.000     -1.535755E-03
 1852.000     -1.542692E-03
 1853.000     -1.548206E-03
 1854.000     -1.555290E-03
 1855.000     -1.560955E-03
 1856.000     -1.566697E-03
 1857.000     -1.574003E-03
 1858.000     -1.579897E-03
 1859.000     -1.585867E-03
 1860.000     -1.593397E-03
 1861.000     -1.599519E-03
 1862.000     -1.607197E-03
 1863.000     -1.613472E-03
 1864.000     -1.619823E-03
 1865.000     -1.627726E-03
 1866.000     -1.634230E-03
 1867.000     -1.640812E-03
 1868.000     -1.648940E-03
 1869.000     -1.655675E-03
 1870.000     -1.663952E-03
 1871.000     -1.670841E-03
 1872.000     -1.677808E-03
 1873.000     -1.671767E-03
 1874.000     -1.678889E-03
 1875.000     -1.686089E-03
 1876.000     -1.694821E-03
 1877.000     -1.702175E-03
 1878.000     -1.711058E-03
 1879.000     -1.718567E-03
 1880.000     -1.726155E-03
 1881.000     -1.735265E-03
 1882.000     -1.743009E-03
 1883.000     -1.752271E-03
 1884.000     -1.760170E-03
 1885.000     -1.768148E-03
 1886.000     -1.777639E-03
 1887.000     -1.785773E-03
 1888.000     -1.793986E-03
 1889.000     -1.789180E-03
 1890.000     -1.797551E-03
 1891.000     -1.807427E-03
 1892.000     -1.815954E-03
 1893.000     -1.824562E-03
 1894.000     -1.834668E-03
 1895.000     -1.843433E-03
 1896.000     -1.852277E-03
 1897.000     -1.862616E-03
 1898.000     -1.871618E-03
 1899.000     -1.867594E-03
 1900.000     -1.876755E-03
 1901.000     -1.885997E-03
 1902.000     -1.896724E-03
 1903.000     -1.906124E-03
 1904.000     -1.915605E-03
 1905.000     -1.926566E-03
 1906.000     -1.936206E-03
 1907.000     -1.947322E-03
 1908.000     -1.957121E-03
 1909.000     -1.967002E-03
 1910.000     -1.963847E-03
 1911.000     -1.973888E-03
 1912.000     -1.985396E-03
 1913.000     -1.995597E-03
 1914.000     -2.005879E-03
 1915.000     -2.017621E-03
 1916.000     -2.028060E-03
 1917.000     -2.038578E-03
 1918.000     -2.036052E-03
 1919.000     -2.046726E-03
 1920.000     -2.058849E-03
 1921.000     -2.069676E-03
 1922.000     -2.080580E-03
 1923.000     -2.092927E-03
 1924.000     -2.103981E-03
 1925.000     -2.115112E-03
 1926.000     -2.113189E-03
 1927.000     -2.124468E-03
 1928.000     -2.137179E-03
 1929.000     -2.148605E-03
 1930.000     -2.160105E-03
 1931.000     -2.173029E-03
 1932.000     -2.184672E-03
 1933.000     -2.181905E-03
 1934.000     -2.195040E-03
 1935.000     -2.206898E-03
 1936.000     -2.220170E-03
 1937.000     -2.232167E-03
 1938.000     -2.244235E-03
 1939.000     -2.243234E-03
 1940.000     -2.255439E-03
 1941.000     -2.269048E-03
 1942.000     -2.281389E-03
 1943.000     -2.293798E-03
 1944.000     -2.307604E-03
 1945.000     -2.305676E-03
 1946.000     -2.318285E-03
 1947.000     -2.332286E-03
 1948.000     -2.345025E-03
 1949.000     -2.359152E-03
 1950.000     -2.372020E-03
 1951.000     -2.370489E-03
 1952.000     -2.384804E-03
 1953.000     -2.397863E-03
 1954.000     -2.410986E-03
 1955.000     -2.425484E-03
 1956.000     -2.438730E-03
 1957.000     -2.438891E-03
 1958.000     -2.452260E-03
 1959.000     -2.465690E-03
 1960.000     -2.480486E-03
 1961.000     -2.494035E-03
 1962.000     -2.493192E-03
 1963.000     -2.508162E-03
 1964.000     -2.521889E-03
 1965.000     -2.536973E-03
 1966.000     -2.550815E-03
 1967.000     -2.564714E-03
 1968.000     -2.565518E-03
 1969.000     -2.579531E-03
 1970.000     -2.594892E-03
 1971.000     -2.609016E-03
 1972.000     -2.608753E-03
 1973.000     -2.624276E-03
 1974.000     -2.638564E-03
 1975.000     -2.652907E-03
 1976.000     -2.668587E-03
 1977.000     -2.668598E-03
 1978.000     -2.684382E-03
 1979.000     -2.698936E-03
 1980.000     -2.713541E-03
 1981.000     -2.729476E-03
 1982.000     -2.729751E-03
 1983.000     -2.744510E-03
 1984.000     -2.760593E-03
 1985.000     -2.775451E-03
 1986.000     -2.777202E-03
 1987.000     -2.792158E-03
 1988.000     -2.807163E-03
 1989.000     -2.823485E-03
 1990.000     -2.838585E-03
 1991.000     -2.839309E-03
 1992.000     -2.855768E-03
 1993.000     -2.871009E-03
 1994.000     -2.887558E-03
 1995.000     -2.888470E-03
 1996.000     -2.903848E-03
 1997.000     -2.920529E-03
 1998.000     -2.935995E-03
 1999.000     -2.938346E-03
 2000.000     -2.953900E-03
 2001.000     -2.969496E-03
 2002.000     -2.986389E-03
 2003.000     -2.987658E-03
 2004.000     -3.003381E-03
 2005.000     -3.020397E-03
 2006.000     -3.036202E-03
 2007.000     -3.038888E-03
 2008.000     -3.054774E-03
 2009.000     -3.070699E-03
 2010.000     -3.087910E-03
 2011.000     -3.089509E-03
 2012.000     -3.105551E-03
 2013.000     -3.122874E-03
 2014.000     -3.138991E-03
 2015.000     -3.141986E-03
 2016.000     -3.158178E-03
 2017.000     -3.174406E-03
 2018.000     -3.191907E-03
 2019.000     -3.193810E-03
 2020.000     -3.210144E-03
 2021.000     -3.227749E-03
 2022.000     -3.244152E-03
 2023.000     -3.247429E-03
 2024.000     -3.263900E-03
 2025.000     -3.280403E-03
 2026.000     -3.283780E-03
 2027.000     -3.300349E-03
 2028.000     -3.318178E-03
 2029.000     -3.334809E-03
 2030.000     -3.337085E-03
 2031.000     -3.355005E-03
 2032.000     -3.371727E-03
 2033.000     -3.374097E-03
 2034.000     -3.392104E-03
 2035.000     -3.408914E-03
 2036.000     -3.412596E-03
 2037.000     -3.429464E-03
 2038.000     -3.446358E-03
 2039.000     -3.464501E-03
 2040.000     -3.467073E-03
 2041.000     -3.484048E-03
 2042.000     -3.502269E-03
 2043.000     -3.504922E-03
 2044.000     -3.523191E-03
 2045.000     -3.540267E-03
 2046.000     -3.557367E-03
 2047.000     -3.561338E-03
 2048.000     -3.578486E-03
 2049.000     -3.595657E-03
 2050.000     -3.599698E-03
 2051.000     -3.616913E-03
 2052.000     -3.635364E-03
 2053.000     -3.638259E-03
 2054.000     -3.655539E-03
 2055.000     -3.674051E-03
 2056.000     -3.677010E-03
 2057.000     -3.694351E-03
 2058.000     -3.712920E-03
 2059.000     -3.730299E-03
 2060.000     -3.734547E-03
 2061.000     -3.751962E-03
 2062.000     -3.769395E-03
 2063.000     -3.773698E-03
 2064.000     -3.791165E-03
 2065.000     -3.809854E-03
 2066.000     -3.813002E-03
 2067.000     -3.830517E-03
 2068.000     -3.849252E-03
 2069.000     -3.852448E-03
 2070.000     -3.870008E-03
 2071.000     -3.888785E-03
 2072.000     -3.892026E-03
 2073.000     -3.910829E-03
 2074.000     -3.928441E-03
 2075.000     -3.931724E-03
 2076.000     -3.950563E-03
 2077.000     -3.968211E-03
 2078.000     -3.971531E-03
 2079.000     -3.990402E-03
 2080.000     -4.008082E-03
 2081.000     -4.012635E-03
 2082.000     -4.030335E-03
 2083.000     -4.048044E-03
 2084.000     -4.052626E-03
 2085.000     -4.070352E-03
 2086.000     -4.073754E-03
 2087.000     -4.092693E-03
 2088.000     -4.110441E-03
 2089.000     -4.115064E-03
 2090.000     -4.132825E-03
 2091.000     -4.150591E-03
 2092.000     -4.155234E-03
 2093.000     -4.173011E-03
 2094.000     -4.191988E-03
 2095.000     -4.195450E-03
 2096.000     -4.213239E-03
 2097.000     -4.217906E-03
 2098.000     -4.235702E-03
 2099.000     -4.253500E-03
 2100.000     -4.258176E-03
 2101.000     -4.275978E-03
 2102.000     -4.294976E-03
 2103.000     -4.298464E-03
 2104.000     -4.316268E-03
 2105.000     -4.320953E-03
 2106.000     -4.338757E-03
 2107.000     -4.356560E-03
 2108.000     -4.361245E-03
 2109.000     -4.379046E-03
 2110.000     -4.398038E-03
 2111.000     -4.401526E-03
 2112.000     -4.419319E-03
 2113.000     -4.423996E-03
 2114.000     -4.441783E-03
 2115.000     -4.459565E-03
 2116.000     -4.464233E-03
 2117.000     -4.482006E-03
 2118.000     -4.486666E-03
 2119.000     -4.504428E-03
 2120.000     -4.522183E-03
 2121.000     -4.526828E-03
 2122.000     -4.544571E-03
 2123.000     -4.549203E-03
 2124.000     -4.566931E-03
 2125.000     -4.584650E-03
 2126.000     -4.589261E-03
 2127.000     -4.606963E-03
 2128.000     -4.624655E-03
 2129.000     -4.629241E-03
 2130.000     -4.646914E-03
 2131.000     -4.651481E-03
 2132.000     -4.669132E-03
 2133.000     -4.686772E-03
 2134.000     -4.691308E-03
 2135.000     -4.708924E-03
 2136.000     -4.712242E-03
 2137.000     -4.731028E-03
 2138.000     -4.748604E-03
 2139.000     -4.753082E-03
 2140.000     -4.770630E-03
 2141.000     -4.773884E-03
 2142.000     -4.792600E-03
 2143.000     -4.795825E-03
 2144.000     -4.813313E-03
 2145.000     -4.831982E-03
 2146.000     -4.835161E-03
 2147.000     -4.853797E-03
 2148.000     -4.856944E-03
 2149.000     -4.874346E-03
 2150.000     -4.878658E-03
 2151.000     -4.896024E-03
 2152.000     -4.914570E-03
 2153.000     -4.917628E-03
 2154.000     -4.934935E-03
 2155.000     -4.939156E-03
 2156.000     -4.956422E-03
 2157.000     -4.959402E-03
 2158.000     -4.977827E-03
 2159.000     -4.995029E-03
 2160.000     -4.999148E-03
 2161.000     -5.016305E-03
 2162.000     -5.019177E-03
 2163.000     -5.037491E-03
 2164.000     -5.040319E-03
 2165.000     -5.057380E-03
 2166.000     -5.061366E-03
 2167.000     -5.078378E-03
 2168.000     -5.096570E-03
 2169.000     -5.099276E-03
 2170.000     -5.116210E-03
 2171.000     -5.120073E-03
 2172.000     -5.136953E-03
 2173.000     -5.139555E-03
 2174.000     -5.157589E-03
 2175.000     -5.174384E-03
 2176.000     -5.178114E-03
 2177.000     -5.194852E-03
 2178.000     -5.197315E-03
 2179.000     -5.215206E-03
 2180.000     -5.217610E-03
 2181.000     -5.235442E-03
 2182.000     -5.237788E-03
 2183.000     -5.254346E-03
 2184.000     -5.257848E-03
 2185.000     -5.274347E-03
 2186.000     -5.276577E-03
 2187.000     -5.294232E-03
 2188.000     -5.310641E-03
 2189.000     -5.314003E-03
 2190.000     -5.330353E-03
 2191.000     -5.332440E-03
 2192.000     -5.349950E-03
 2193.000     -5.351981E-03
 2194.000     -5.368214E-03
 2195.000     -5.371409E-03
 2196.000     -5.387585E-03
 2197.000     -5.390725E-03
 2198.000     -5.406843E-03
 2199.000     -5.408706E-03
 2200.000     -5.425991E-03
 2201.000     -5.427799E-03
 2202.000     -5.443803E-03
 2203.000     -5.446781E-03
 2204.000     -5.462729E-03
 2205.000     -5.465654E-03
 2206.000     -5.481546E-03
 2207.000     -5.497409E-03
 2208.000     -5.500254E-03
 2209.000     -5.516062E-03
 2210.000     -5.518855E-03
 2211.000     -5.534608E-03
 2212.000     -5.536118E-03
 2213.000     -5.553047E-03
 2214.000     -5.554505E-03
 2215.000     -5.570148E-03
 2216.000     -5.572785E-03
 2217.000     -5.588375E-03
 2218.000     -5.590961E-03
 2219.000     -5.606497E-03
 2220.000     -5.607798E-03
 2221.000     -5.624515E-03
 2222.000     -5.625765E-03
 2223.000     -5.641194E-03
 2224.000     -5.643629E-03
 2225.000     -5.659005E-03
 2226.000     -5.661390E-03
 2227.000     -5.676714E-03
 2228.000     -5.677812E-03
 2229.000     -5.694323E-03
 2230.000     -5.695371E-03
 2231.000     -5.710591E-03
 2232.000     -5.712829E-03
 2233.000     -5.727998E-03
 2234.000     -5.730187E-03
 2235.000     -5.745306E-03
 2236.000     -5.746206E-03
 2237.000     -5.762515E-03
 2238.000     -5.763366E-03
 2239.000     -5.779627E-03
 2240.000     -5.780430E-03
 2241.000     -5.795397E-03
 2242.000     -5.797397E-03
 2243.000     -5.812315E-03
 2244.000     -5.813022E-03
 2245.000     -5.829136E-03
 2246.000     -5.829797E-03
 2247.000     -5.831681E-03
 2248.000     -5.846477E-03
 2249.000     -5.861248E-03
 2250.000     -5.863063E-03
 2251.000     -5.863607E-03
 2252.000     -5.878307E-03
 2253.000     -5.880054E-03
 2254.000     -5.894706E-03
 2255.000     -5.896409E-03
 2256.000     -5.911013E-03
 2257.000     -5.911421E-03
 2258.000     -5.927230E-03
 2259.000     -5.927592E-03
 2260.000     -5.942103E-03
 2261.000     -5.943673E-03
 2262.000     -5.958138E-03
 2263.000     -5.959665E-03
 2264.000     -5.974084E-03
 2265.000     -5.974314E-03
 2266.000     -5.989942E-03
 2267.000     -5.990128E-03
 2268.000     -5.991548E-03
 2269.000     -6.005854E-03
 2270.000     -6.005976E-03
 2271.000     -6.021494E-03
 2272.000     -6.021573E-03
 2273.000     -6.035790E-03
 2274.000     -6.037085E-03
 2275.000     -6.051258E-03
 2276.000     -6.052511E-03
 2277.000     -6.066641E-03
 2278.000     -6.066594E-03
 2279.000     -6.081940E-03
 2280.000     -6.081851E-03
 2281.000     -6.095895E-03
 2282.000     -6.097026E-03
 2283.000     -6.096877E-03
 2284.000     -6.112119E-03
 2285.000     -6.111929E-03
 2286.000     -6.125867E-03
 2287.000     -6.126900E-03
 2288.000     -6.140796E-03
 2289.000     -6.140526E-03
 2290.000     -6.155645E-03
 2291.000     -6.155336E-03
 2292.000     -6.170414E-03
 2293.000     -6.170066E-03
 2294.000     -6.169699E-03
 2295.000     -6.184718E-03
 2296.000     -6.184312E-03
 2297.000     -6.198026E-03
 2298.000     -6.198848E-03
 2299.000     -6.212522E-03
 2300.000     -6.213307E-03
 2301.000     -6.226941E-03
 2302.000     -6.226422E-03
 2303.000     -6.227153E-03
 2304.000     -6.240729E-03
 2305.000     -6.241423E-03
 2306.000     -6.254960E-03
 2307.000     -6.254349E-03
 2308.000     -6.269118E-03
 2309.000     -6.268471E-03
 2310.000     -6.281932E-03
 2311.000     -6.282519E-03
 2312.000     -6.281818E-03
 2313.000     -6.296495E-03
 2314.000     -6.295759E-03
 2315.000     -6.309127E-03
 2316.000     -6.309628E-03
 2317.000     -6.322959E-03
 2318.000     -6.322153E-03
 2319.000     -6.336721E-03
 2320.000     -6.335881E-03
 2321.000     -6.336297E-03
 2322.000     -6.349539E-03
 2323.000     -6.348648E-03
 2324.000     -6.363129E-03
 2325.000     -6.362204E-03
 2326.000     -6.375375E-03
 2327.000     -6.375692E-03
 2328.000     -6.374718E-03
 2329.000     -6.389114E-03
 2330.000     -6.388107E-03
 2331.000     -6.401192E-03
 2332.000     -6.401430E-03
 2333.000     -6.414481E-03
 2334.000     -6.414687E-03
 2335.000     -6.413601E-03
 2336.000     -6.426602E-03
 2337.000     -6.426762E-03
 2338.000     -6.439730E-03
 2339.000     -6.438581E-03
 2340.000     -6.452795E-03
 2341.000     -6.451615E-03
 2342.000     -6.451700E-03
 2343.000     -6.464587E-03
 2344.000     -6.463361E-03
 2345.000     -6.477497E-03
 2346.000     -6.476242E-03
 2347.000     -6.489065E-03
 2348.000     -6.489062E-03
 2349.000     -6.487762E-03
 2350.000     -6.501821E-03
 2351.000     -6.500493E-03
 2352.000     -6.513240E-03
 2353.000     -6.513165E-03
 2354.000     -6.511794E-03
 2355.000     -6.524495E-03
 2356.000     -6.524379E-03
 2357.000     -6.537051E-03
 2358.000     -6.536907E-03
 2359.000     -6.549550E-03
 2360.000     -6.548095E-03
 2361.000     -6.547911E-03
 2362.000     -6.560510E-03
 2363.000     -6.560300E-03
 2364.000     -6.572870E-03
 2365.000     -6.571348E-03
 2366.000     -6.571097E-03
 2367.000     -6.583622E-03
 2368.000     -6.582056E-03
 2369.000     -6.595833E-03
 2370.000     -6.594233E-03
 2371.000     -6.593902E-03
 2372.000     -6.606338E-03
 2373.000     -6.604683E-03
 2374.000     -6.618366E-03
 2375.000     -6.616670E-03
 2376.000     -6.629021E-03
 2377.000     -6.628572E-03
 2378.000     -6.626811E-03
 2379.000     -6.640382E-03
 2380.000     -6.638574E-03
 2381.000     -6.650805E-03
 2382.000     -6.650238E-03
 2383.000     -6.648353E-03
 2384.000     -6.660504E-03
 2385.000     -6.659858E-03
 2386.000     -6.671951E-03
 2387.000     -6.671250E-03
 2388.000     -6.683283E-03
 2389.000     -6.681228E-03
 2390.000     -6.680438E-03
 2391.000     -6.692376E-03
 2392.000     -6.691524E-03
 2393.000     -6.703395E-03
 2394.000     -6.701179E-03
 2395.000     -6.700228E-03
 2396.000     -6.711993E-03
 2397.000     -6.709672E-03
 2398.000     -6.722665E-03
 2399.000     -6.720271E-03
 2400.000     -6.719141E-03
 2401.000     -6.730718E-03
 2402.000     -6.728208E-03
 2403.000     -6.741008E-03
 2404.000     -6.738419E-03
 2405.000     -6.749830E-03
 2406.000     -6.748464E-03
 2407.000     -6.745749E-03
 2408.000     -6.758340E-03
 2409.000     -6.755537E-03
 2410.000     -6.766728E-03
 2411.000     -6.765147E-03
 2412.000     -6.776245E-03
 2413.000     -6.773259E-03
 2414.000     -6.771541E-03
 2415.000     -6.782495E-03
 2416.000     -6.780682E-03
 2417.000     -6.791536E-03
 2418.000     -6.788306E-03
 2419.000     -6.786346E-03
 2420.000     -6.797045E-03
 2421.000     -6.794984E-03
 2422.000     -6.805576E-03
 2423.000     -6.802086E-03
 2424.000     -6.813893E-03
 2425.000     -6.810294E-03
 2426.000     -6.820664E-03
 2427.000     -6.818281E-03
 2428.000     -6.814513E-03
 2429.000     -6.826041E-03
 2430.000     -6.822157E-03
 2431.000     -6.832234E-03
 2432.000     -6.829566E-03
 2433.000     -6.839521E-03
 2434.000     -6.835397E-03
 2435.000     -6.832549E-03
 2436.000     -6.842317E-03
 2437.000     -6.839347E-03
 2438.000     -6.848986E-03
 2439.000     -6.844546E-03
 2440.000     -6.855398E-03
 2441.000     -6.850827E-03
 2442.000     -6.860200E-03
 2443.000     -6.856844E-03
 2444.000     -6.852072E-03
 2445.000     -6.862591E-03
 2446.000     -6.857681E-03
 2447.000     -6.866707E-03
 2448.000     -6.863012E-03
 2449.000     -6.871894E-03
 2450.000     -6.868060E-03
 2451.000     -6.876796E-03
 2452.000     -6.871455E-03
 2453.000     -6.881407E-03
 2454.000     -6.875917E-03
 2455.000     -6.884351E-03
 2456.000     -6.880079E-03
 2457.000     -6.888359E-03
 2458.000     -6.883937E-03
 2459.000     -6.878064E-03
 2460.000     -6.886107E-03
 2461.000     -6.881453E-03
 2462.000     -6.889335E-03
 2463.000     -6.883142E-03
 2464.000     -6.892243E-03
 2465.000     -6.885886E-03
 2466.000     -6.894824E-03
 2467.000     -6.888301E-03
 2468.000     -6.895682E-03
 2469.000     -6.890382E-03
 2470.000     -6.897591E-03
 2471.000     -6.890726E-03
 2472.000     -6.899157E-03
 2473.000     -6.892119E-03
 2474.000     -6.900376E-03
 2475.000     -6.893161E-03
 2476.000     -6.899836E-03
 2477.000     -6.893847E-03
 2478.000     -6.900340E-03
 2479.000     -6.894173E-03
 2480.000     -6.900480E-03
 2481.000     -6.892716E-03
 2482.000     -6.900251E-03
 2483.000     -6.892300E-03
 2484.000     -6.898226E-03
 2485.000     -6.905479E-03
 2486.000     -6.897240E-03
 2487.000     -6.904302E-03
 2488.000     -6.895868E-03
 2489.000     -6.901305E-03
 2490.000     -6.894106E-03
 2491.000     -6.899343E-03
 2492.000     -6.890510E-03
 2493.000     -6.896983E-03
 2494.000     -6.887948E-03
 2495.000     -6.894219E-03
 2496.000     -6.884979E-03
 2497.000     -6.889597E-03
 2498.000     -6.895560E-03
 2499.000     -6.886006E-03
 2500.000     -6.890305E-03
 2501.000     -6.881996E-03
 2502.000     -6.886081E-03
 2503.000     -6.877562E-03
 2504.000     -6.881428E-03
 2505.000     -6.885184E-03
 2506.000     -6.876344E-03
 2507.000     -6.879878E-03
 2508.000     -6.869346E-03
 2509.000     -6.874131E-03
 2510.000     -6.877326E-03
 2511.000     -6.867938E-03
 2512.000     -6.870905E-03
 2513.000     -6.859807E-03
 2514.000     -6.864031E-03
 2515.000     -6.866649E-03
 2516.000     -6.856698E-03
 2517.000     -6.859081E-03
 2518.000     -6.847400E-03
 2519.000     -6.851046E-03
 2520.000     -6.853070E-03
 2521.000     -6.841031E-03
 2522.000     -6.844322E-03
 2523.000     -6.845981E-03
 2524.000     -6.835093E-03
 2525.000     -6.836507E-03
 2526.000     -6.823859E-03
 2527.000     -6.826545E-03
 2528.000     -6.827584E-03
 2529.000     -6.814562E-03
 2530.000     -6.816877E-03
 2531.000     -6.817535E-03
 2532.000     -6.805670E-03
 2533.000     -6.806072E-03
 2534.000     -6.806342E-03
 2535.000     -6.794099E-03
 2536.000     -6.794110E-03
 2537.000     -6.793988E-03
 2538.000     -6.781361E-03
 2539.000     -6.780975E-03
 2540.000     -6.782014E-03
 2541.000     -6.767438E-03
 2542.000     -6.766649E-03
 2543.000     -6.767291E-03
 2544.000     -6.766231E-03
 2545.000     -6.752688E-03
 2546.000     -6.751354E-03
 2547.000     -6.749881E-03
 2548.000     -6.735935E-03
 2549.000     -6.734184E-03
 2550.000     -6.732295E-03
 2551.000     -6.731862E-03
 2552.000     -6.715796E-03
 2553.000     -6.715113E-03
 2554.000     -6.712710E-03
 2555.000     -6.710185E-03
 2556.000     -6.695240E-03
 2557.000     -6.692488E-03
 2558.000     -6.689625E-03
 2559.000     -6.688267E-03
 2560.000     -6.671291E-03
 2561.000     -6.669737E-03
 2562.000     -6.666473E-03
 2563.000     -6.663117E-03
 2564.000     -6.647392E-03
 2565.000     -6.643863E-03
 2566.000     -6.640253E-03
 2567.000     -6.638191E-03
 2568.000     -6.634429E-03
 2569.000     -6.618329E-03
 2570.000     -6.614430E-03
 2571.000     -6.610467E-03
 2572.000     -6.608077E-03
 2573.000     -6.603997E-03
 2574.000     -6.587608E-03
 2575.000     -6.583427E-03
 2576.000     -6.579199E-03
 2577.000     -6.576567E-03
 2578.000     -6.572258E-03
 2579.000     -6.567912E-03
 2580.000     -6.551289E-03
 2581.000     -6.546885E-03
 2582.000     -6.544096E-03
 2583.000     -6.539645E-03
 2584.000     -6.535176E-03
 2585.000     -6.518453E-03
 2586.000     -6.513959E-03
 2587.000     -6.509458E-03
 2588.000     -6.506595E-03
 2589.000     -6.502089E-03
 2590.000     -6.499228E-03
 2591.000     -6.494732E-03
 2592.000     -6.490246E-03
 2593.000     -6.473540E-03
 2594.000     -6.469085E-03
 2595.000     -6.464651E-03
 2596.000     -6.461880E-03
 2597.000     -6.457498E-03
 2598.000     -6.454784E-03
 2599.000     -6.450467E-03
 2600.000     -6.446188E-03
 2601.000     -6.429718E-03
 2602.000     -6.425526E-03
 2603.000     -6.423015E-03
 2604.000     -6.418923E-03
 2605.000     -6.414888E-03
 2606.000     -6.412539E-03
 2607.000     -6.408624E-03
 2608.000     -6.404776E-03
 2609.000     -6.402621E-03
 2610.000     -6.398914E-03
 2611.000     -6.396904E-03
 2612.000     -6.379496E-03
 2613.000     -6.376031E-03
 2614.000     -6.374266E-03
 2615.000     -6.370976E-03
 2616.000     -6.367781E-03
 2617.000     -6.366291E-03
 2618.000     -6.363294E-03
 2619.000     -6.362004E-03
 2620.000     -6.359217E-03
 2621.000     -6.356543E-03
 2622.000     -6.355578E-03
 2623.000     -6.353136E-03
 2624.000     -6.350816E-03
 2625.000     -6.350208E-03
 2626.000     -6.348141E-03
 2627.000     -6.347787E-03
 2628.000     -6.345986E-03
 2629.000     -6.344326E-03
 2630.000     -6.344379E-03
 2631.000     -6.343005E-03
 2632.000     -6.343346E-03
 2633.000     -6.342273E-03
 2634.000     -6.341359E-03
 2635.000     -6.342157E-03
 2636.000     -6.341564E-03
 2637.000     -6.341139E-03
 2638.000     -6.342426E-03
 2639.000     -6.342344E-03
 2640.000     -6.343972E-03
 2641.000     -6.344246E-03
 2642.000     -6.344705E-03
 2643.000     -6.346873E-03
 2644.000     -6.347709E-03
 2645.000     -6.348741E-03
 2646.000     -6.351478E-03
 2647.000     -6.352907E-03
 2648.000     -6.356040E-03
 2649.000     -6.357881E-03
 2650.000     -6.359935E-03
 2651.000     -6.363688E-03
 2652.000     -6.366173E-03
 2653.000     -6.368883E-03
 2654.000     -6.373287E-03
 2655.000     -6.376448E-03
 2656.000     -6.381301E-03
 2657.000     -6.384929E-03
 2658.000     -6.388798E-03
 2659.000     -6.394352E-03
 2660.000     -6.398708E-03
 2661.000     -6.404745E-03
 2662.000     -6.409601E-03
 2663.000     -6.414716E-03
 2664.000     -6.421504E-03
 2665.000     -6.427140E-03
 2666.000     -6.433044E-03
 2667.000     -6.440614E-03
 2668.000     -6.460863E-03
 2669.000     -6.468969E-03
 2670.000     -6.475969E-03
 2671.000     -6.483255E-03
 2672.000     -6.492193E-03
 2673.000     -6.500055E-03
 2674.000     -6.508214E-03
 2675.000     -6.518014E-03
 2676.000     -6.526770E-03
 2677.000     -6.537160E-03
 2678.000     -6.546525E-03
 2679.000     -6.556204E-03
 2680.000     -6.567506E-03
 2681.000     -6.591606E-03
 2682.000     -6.602239E-03
 2683.000     -6.614484E-03
 2684.000     -6.625768E-03
 2685.000     -6.638658E-03
 2686.000     -6.650610E-03
 2687.000     -6.662907E-03
 2688.000     -6.676799E-03
 2689.000     -6.689788E-03
 2690.000     -6.704365E-03
 2691.000     -6.718065E-03
 2692.000     -6.745909E-03
 2693.000     -6.761548E-03
 2694.000     -6.776345E-03
 2695.000     -6.791521E-03
 2696.000     -6.808260E-03
 2697.000     -6.824195E-03
 2698.000     -6.841683E-03
 2699.000     -6.858395E-03
 2700.000     -6.875504E-03
 2701.000     -6.894154E-03
 2702.000     -6.912064E-03
 2703.000     -6.930386E-03
 2704.000     -6.950233E-03
 2705.000     -6.969380E-03
 2706.000     -6.990042E-03
 2707.000     -6.996267E-03
 2708.000     -7.016690E-03
 2709.000     -7.038610E-03
 2710.000     -7.059901E-03
 2711.000     -7.081636E-03
 2712.000     -7.104851E-03
 2713.000     -7.113719E-03
 2714.000     -7.137815E-03
 2715.000     -7.161352E-03
 2716.000     -7.185355E-03
 2717.000     -7.197050E-03
 2718.000     -7.221987E-03
 2719.000     -7.247403E-03
 2720.000     -7.260494E-03
 2721.000     -7.286869E-03
 2722.000     -7.300908E-03
 2723.000     -7.328259E-03
 2724.000     -7.342358E-03
 2725.000     -7.371604E-03
 2726.000     -7.386706E-03
 2727.000     -7.416939E-03
 2728.000     -7.433059E-03
 2729.000     -7.449702E-03
 2730.000     -7.481450E-03
 2731.000     -7.499137E-03
 2732.000     -7.517358E-03
 2733.000     -7.536916E-03
 2734.000     -7.569948E-03
 2735.000     -7.590560E-03
 2736.000     -7.610935E-03
 2737.000     -7.631866E-03
 2738.000     -7.654094E-03
 2739.000     -7.676136E-03
 2740.000     -7.698746E-03
 2741.000     -7.708890E-03
 2742.000     -7.732636E-03
 2743.000     -7.757637E-03
 2744.000     -7.782536E-03
 2745.000     -7.808023E-03
 2746.000     -7.821005E-03
 2747.000     -7.847670E-03
 2748.000     -7.861205E-03
 2749.000     -7.889673E-03
 2750.000     -7.904413E-03
 2751.000     -7.934065E-03
 2752.000     -7.950024E-03
 2753.000     -7.966608E-03
 2754.000     -7.984346E-03
 2755.000     -8.015903E-03
 2756.000     -8.034867E-03
 2757.000     -8.053959E-03
 2758.000     -8.073696E-03
 2759.000     -8.094537E-03
 2760.000     -8.115562E-03
 2761.000     -8.123520E-03
 2762.000     -8.146276E-03
 2763.000     -8.169271E-03
 2764.000     -8.179596E-03
 2765.000     -8.203921E-03
 2766.000     -8.228925E-03
 2767.000     -8.241227E-03
 2768.000     -8.253865E-03
 2769.000     -8.280916E-03
 2770.000     -8.295233E-03
 2771.000     -8.309944E-03
 2772.000     -8.325619E-03
 2773.000     -8.341728E-03
 2774.000     -8.358550E-03
 2775.000     -8.376302E-03
 2776.000     -8.394547E-03
 2777.000     -8.413518E-03
 2778.000     -8.433383E-03
 2779.000     -8.440085E-03
 2780.000     -8.461374E-03
 2781.000     -8.469542E-03
 2782.000     -8.492174E-03
 2783.000     -8.501923E-03
 2784.000     -8.512329E-03
 2785.000     -8.523544E-03
 2786.000     -8.549173E-03
 2787.000     -8.561856E-03
 2788.000     -8.561594E-03
 2789.000     -8.575809E-03
 2790.000     -8.590807E-03
 2791.000     -8.606535E-03
 2792.000     -8.609376E-03
 2793.000     -8.626636E-03
 2794.000     -8.631053E-03
 2795.000     -8.649986E-03
 2796.000     -8.655869E-03
 2797.000     -8.662689E-03
 2798.000     -8.670325E-03
 2799.000     -8.678583E-03
 2800.000     -8.687845E-03
 2801.000     -8.697701E-03
 2802.000     -8.708605E-03
 2803.000     -8.706632E-03
 2804.000     -8.718926E-03
 2805.000     -8.718620E-03
 2806.000     -8.732879E-03
 2807.000     -8.733933E-03
 2808.000     -8.736170E-03
 2809.000     -8.738888E-03
 2810.000     -8.742835E-03
 2811.000     -8.747654E-03
 2812.000     -8.752907E-03
 2813.000     -8.745746E-03
 2814.000     -8.752704E-03
 2815.000     -8.747295E-03
 2816.000     -8.756494E-03
 2817.000     -8.752334E-03
 2818.000     -8.749593E-03
 2819.000     -8.747757E-03
 2820.000     -8.746232E-03
 2821.000     -8.746199E-03
 2822.000     -8.746444E-03
 2823.000     -8.748231E-03
 2824.000     -8.737224E-03
 2825.000     -8.726446E-03
 2826.000     -8.731004E-03
 2827.000     -8.722779E-03
 2828.000     -8.714735E-03
 2829.000     -8.708380E-03
 2830.000     -8.702171E-03
 2831.000     -8.697702E-03
 2832.000     -8.680469E-03
 2833.000     -8.677055E-03
 2834.000     -8.661733E-03
 2835.000     -8.647382E-03
 2836.000     -8.646801E-03
 2837.000     -8.634387E-03
 2838.000     -8.621981E-03
 2839.000     -8.597790E-03
 2840.000     -8.588321E-03
 2841.000     -8.578807E-03
 2842.000     -8.557585E-03
 2843.000     -8.536281E-03
 2844.000     -8.517052E-03
 2845.000     -8.498837E-03
 2846.000     -8.480485E-03
 2847.000     -8.464289E-03
 2848.000     -8.449120E-03
 2849.000     -8.420021E-03
 2850.000     -8.406895E-03
 2851.000     -8.379801E-03
 2852.000     -8.354995E-03
 2853.000     -8.331237E-03
 2854.000     -8.307192E-03
 2855.000     -8.285518E-03
 2856.000     -8.264905E-03
 2857.000     -8.230200E-03
 2858.000     -8.197948E-03
 2859.000     -8.179060E-03
 2860.000     -8.148933E-03
 2861.000     -8.119886E-03
 2862.000     -8.090395E-03
 2863.000     -8.049743E-03
 2864.000     -8.023939E-03
 2865.000     -7.983872E-03
 2866.000     -7.946484E-03
 2867.000     -7.922309E-03
 2868.000     -7.873348E-03
 2869.000     -7.839262E-03
 2870.000     -7.804568E-03
 2871.000     -7.758929E-03
 2872.000     -7.726408E-03
 2873.000     -7.682998E-03
 2874.000     -7.640721E-03
 2875.000     -7.597729E-03
 2876.000     -7.557706E-03
 2877.000     -7.505052E-03
 2878.000     -7.465395E-03
 2879.000     -7.415017E-03
 2880.000     -7.377596E-03
 2881.000     -7.329511E-03
 2882.000     -7.268804E-03
 2883.000     -7.220993E-03
 2884.000     -7.176390E-03
 2885.000     -7.119174E-03
 2886.000     -7.060998E-03
 2887.000     -7.006120E-03
 2888.000     -6.950238E-03
 2889.000     -6.897715E-03
 2890.000     -6.846392E-03
 2891.000     -6.780191E-03
