#ndep: 2882
#lat lon: 0.8 -24.2
#depth (km)     Vp (km/s)
   10.000      7.069618E+00
   11.000      7.912779E+00
   12.000      7.910985E+00
   13.000      7.909129E+00
   14.000      7.907242E+00
   15.000      7.905348E+00
   16.000      7.903467E+00
   17.000      7.901612E+00
   18.000      7.899792E+00
   19.000      7.898010E+00
   20.000      7.896263E+00
   21.000      7.894544E+00
   22.000      7.892838E+00
   23.000      7.891127E+00
   24.000      7.889387E+00
   25.000      7.887587E+00
   26.000      7.885692E+00
   27.000      7.883661E+00
   28.000      7.881448E+00
   29.000      7.879001E+00
   30.000      7.876262E+00
   31.000      7.865697E+00
   32.000      7.861159E+00
   33.000      7.860703E+00
   34.000      7.859943E+00
   35.000      7.858911E+00
   36.000      7.857637E+00
   37.000      7.856150E+00
   38.000      7.854476E+00
   39.000      7.852642E+00
   40.000      7.850671E+00
   41.000      7.848587E+00
   42.000      7.846410E+00
   43.000      7.844160E+00
   44.000      7.841857E+00
   45.000      7.839516E+00
   46.000      7.837153E+00
   47.000      7.834783E+00
   48.000      7.832418E+00
   49.000      7.830068E+00
   50.000      7.827744E+00
   51.000      7.825454E+00
   52.000      7.823204E+00
   53.000      7.821001E+00
   54.000      7.818847E+00
   55.000      7.816746E+00
   56.000      7.814697E+00
   57.000      7.812701E+00
   58.000      7.810756E+00
   59.000      7.808858E+00
   60.000      7.807002E+00
   61.000      7.805182E+00
   62.000      7.803391E+00
   63.000      7.801618E+00
   64.000      7.799854E+00
   65.000      7.798086E+00
   66.000      7.796283E+00
   67.000      7.794594E+00
   68.000      7.792938E+00
   69.000      7.791309E+00
   70.000      7.789703E+00
   71.000      7.788116E+00
   72.000      7.786544E+00
   73.000      7.784981E+00
   74.000      7.783424E+00
   75.000      7.781866E+00
   76.000      7.780303E+00
   77.000      7.778728E+00
   78.000      7.777212E+00
   79.000      7.775761E+00
   80.000      7.774333E+00
   81.000      7.843976E+00
   82.000      7.841106E+00
   83.000      7.838341E+00
   84.000      7.835679E+00
   85.000      7.833121E+00
   86.000      7.830665E+00
   87.000      7.828312E+00
   88.000      7.826059E+00
   89.000      7.823908E+00
   90.000      7.821857E+00
   91.000      7.819905E+00
   92.000      7.818052E+00
   93.000      7.816298E+00
   94.000      7.814641E+00
   95.000      7.813081E+00
   96.000      7.811618E+00
   97.000      7.810246E+00
   98.000      7.808974E+00
   99.000      7.807796E+00
  100.000      7.806713E+00
  101.000      7.805723E+00
  102.000      7.804825E+00
  103.000      7.804019E+00
  104.000      7.803305E+00
  105.000      7.802682E+00
  106.000      7.802148E+00
  107.000      7.801705E+00
  108.000      7.801350E+00
  109.000      7.801084E+00
  110.000      7.800905E+00
  111.000      7.800813E+00
  112.000      7.800808E+00
  113.000      7.800888E+00
  114.000      7.801054E+00
  115.000      7.801304E+00
  116.000      7.801638E+00
  117.000      7.802055E+00
  118.000      7.802555E+00
  119.000      7.803138E+00
  120.000      7.803801E+00
  121.000      7.804545E+00
  122.000      7.805370E+00
  123.000      7.806274E+00
  124.000      7.807257E+00
  125.000      7.808318E+00
  126.000      7.809457E+00
  127.000      7.810673E+00
  128.000      7.811966E+00
  129.000      7.813334E+00
  130.000      7.814777E+00
  131.000      7.816300E+00
  132.000      7.817893E+00
  133.000      7.819558E+00
  134.000      7.821296E+00
  135.000      7.823106E+00
  136.000      7.824988E+00
  137.000      7.826940E+00
  138.000      7.828963E+00
  139.000      7.831055E+00
  140.000      7.833216E+00
  141.000      7.835445E+00
  142.000      7.837742E+00
  143.000      7.840106E+00
  144.000      7.842537E+00
  145.000      7.845033E+00
  146.000      7.847595E+00
  147.000      7.850221E+00
  148.000      7.852911E+00
  149.000      7.855664E+00
  150.000      7.858480E+00
  151.000      7.861358E+00
  152.000      7.864298E+00
  153.000      7.867298E+00
  154.000      7.870358E+00
  155.000      7.873478E+00
  156.000      7.876657E+00
  157.000      7.879895E+00
  158.000      7.883189E+00
  159.000      7.886541E+00
  160.000      7.889950E+00
  161.000      7.893414E+00
  162.000      7.896934E+00
  163.000      7.900508E+00
  164.000      7.904136E+00
  165.000      7.907829E+00
  166.000      7.911563E+00
  167.000      7.915349E+00
  168.000      7.919187E+00
  169.000      7.923075E+00
  170.000      7.927014E+00
  171.000      7.931002E+00
  172.000      7.935039E+00
  173.000      7.939125E+00
  174.000      7.943258E+00
  175.000      7.947438E+00
  176.000      7.951664E+00
  177.000      7.955937E+00
  178.000      7.960254E+00
  179.000      7.964617E+00
  180.000      7.969023E+00
  181.000      7.973472E+00
  182.000      7.977964E+00
  183.000      7.982498E+00
  184.000      7.987074E+00
  185.000      7.991690E+00
  186.000      7.996347E+00
  187.000      8.001043E+00
  188.000      8.005778E+00
  189.000      8.010552E+00
  190.000      8.015363E+00
  191.000      8.020211E+00
  192.000      8.025096E+00
  193.000      8.030016E+00
  194.000      8.034972E+00
  195.000      8.039962E+00
  196.000      8.044986E+00
  197.000      8.050043E+00
  198.000      8.055150E+00
  199.000      8.060272E+00
  200.000      8.065426E+00
  201.000      8.070610E+00
  202.000      8.075825E+00
  203.000      8.081069E+00
  204.000      8.086341E+00
  205.000      8.091643E+00
  206.000      8.096972E+00
  207.000      8.102327E+00
  208.000      8.107710E+00
  209.000      8.113118E+00
  210.000      8.118551E+00
  211.000      8.124009E+00
  212.000      8.129490E+00
  213.000      8.134995E+00
  214.000      8.140522E+00
  215.000      8.146072E+00
  216.000      8.151643E+00
  217.000      8.157234E+00
  218.000      8.162846E+00
  219.000      8.168477E+00
  220.000      8.174127E+00
  221.000      8.179796E+00
  222.000      8.185482E+00
  223.000      8.191184E+00
  224.000      8.196904E+00
  225.000      8.202639E+00
  226.000      8.208389E+00
  227.000      8.214153E+00
  228.000      8.219932E+00
  229.000      8.225724E+00
  230.000      8.231528E+00
  231.000      8.237344E+00
  232.000      8.243191E+00
  233.000      8.249029E+00
  234.000      8.254878E+00
  235.000      8.260736E+00
  236.000      8.266602E+00
  237.000      8.272477E+00
  238.000      8.278360E+00
  239.000      8.284249E+00
  240.000      8.290145E+00
  241.000      8.296046E+00
  242.000      8.301953E+00
  243.000      8.307864E+00
  244.000      8.313779E+00
  245.000      8.319697E+00
  246.000      8.325617E+00
  247.000      8.331540E+00
  248.000      8.337464E+00
  249.000      8.343388E+00
  250.000      8.349313E+00
  251.000      8.355237E+00
  252.000      8.361159E+00
  253.000      8.367080E+00
  254.000      8.372999E+00
  255.000      8.378914E+00
  256.000      8.384826E+00
  257.000      8.390733E+00
  258.000      8.396636E+00
  259.000      8.402533E+00
  260.000      8.408423E+00
  261.000      8.414307E+00
  262.000      8.420183E+00
  263.000      8.426051E+00
  264.000      8.431911E+00
  265.000      8.437780E+00
  266.000      8.443620E+00
  267.000      8.449450E+00
  268.000      8.455268E+00
  269.000      8.461074E+00
  270.000      8.466868E+00
  271.000      8.472649E+00
  272.000      8.478416E+00
  273.000      8.484169E+00
  274.000      8.489906E+00
  275.000      8.495629E+00
  276.000      8.501334E+00
  277.000      8.507023E+00
  278.000      8.512695E+00
  279.000      8.518348E+00
  280.000      8.523982E+00
  281.000      8.529598E+00
  282.000      8.535193E+00
  283.000      8.540767E+00
  284.000      8.546320E+00
  285.000      8.551852E+00
  286.000      8.557360E+00
  287.000      8.562846E+00
  288.000      8.568308E+00
  289.000      8.573745E+00
  290.000      8.579158E+00
  291.000      8.584545E+00
  292.000      8.589905E+00
  293.000      8.595239E+00
  294.000      8.600545E+00
  295.000      8.605822E+00
  296.000      8.611072E+00
  297.000      8.616291E+00
  298.000      8.621481E+00
  299.000      8.626657E+00
  300.000      8.631784E+00
  301.000      8.636880E+00
  302.000      8.641944E+00
  303.000      8.646977E+00
  304.000      8.651977E+00
  305.000      8.656945E+00
  306.000      8.661881E+00
  307.000      8.666785E+00
  308.000      8.671657E+00
  309.000      8.676496E+00
  310.000      8.681302E+00
  311.000      8.686076E+00
  312.000      8.690817E+00
  313.000      8.695525E+00
  314.000      8.700201E+00
  315.000      8.704843E+00
  316.000      8.709451E+00
  317.000      8.714027E+00
  318.000      8.718569E+00
  319.000      8.723078E+00
  320.000      8.727553E+00
  321.000      8.731994E+00
  322.000      8.736402E+00
  323.000      8.740775E+00
  324.000      8.745115E+00
  325.000      8.749420E+00
  326.000      8.753691E+00
  327.000      8.757928E+00
  328.000      8.762130E+00
  329.000      8.766298E+00
  330.000      8.770431E+00
  331.000      8.774529E+00
  332.000      8.778593E+00
  333.000      8.782635E+00
  334.000      8.786628E+00
  335.000      8.790586E+00
  336.000      8.794509E+00
  337.000      8.798396E+00
  338.000      8.802248E+00
  339.000      8.806065E+00
  340.000      8.809845E+00
  341.000      8.813590E+00
  342.000      8.817299E+00
  343.000      8.820972E+00
  344.000      8.824609E+00
  345.000      8.828210E+00
  346.000      8.831774E+00
  347.000      8.835302E+00
  348.000      8.838793E+00
  349.000      8.842248E+00
  350.000      8.845666E+00
  351.000      8.849047E+00
  352.000      8.852391E+00
  353.000      8.855698E+00
  354.000      8.858968E+00
  355.000      8.862200E+00
  356.000      8.865396E+00
  357.000      8.868553E+00
  358.000      8.871674E+00
  359.000      8.874756E+00
  360.000      8.877801E+00
  361.000      8.880808E+00
  362.000      8.883777E+00
  363.000      8.886707E+00
  364.000      8.889600E+00
  365.000      8.892454E+00
  366.000      8.895279E+00
  367.000      8.898056E+00
  368.000      8.900795E+00
  369.000      8.903495E+00
  370.000      8.906156E+00
  371.000      8.908778E+00
  372.000      8.911361E+00
  373.000      8.913905E+00
  374.000      8.916410E+00
  375.000      8.918875E+00
  376.000      8.921301E+00
  377.000      8.923687E+00
  378.000      8.926034E+00
  379.000      8.928340E+00
  380.000      8.930607E+00
  381.000      8.932834E+00
  382.000      8.935021E+00
  383.000      8.937168E+00
  384.000      8.939274E+00
  385.000      8.941341E+00
  386.000      8.943366E+00
  387.000      8.945351E+00
  388.000      8.947295E+00
  389.000      8.949199E+00
  390.000      8.951061E+00
  391.000      8.952883E+00
  392.000      8.954663E+00
  393.000      8.956402E+00
  394.000      8.958100E+00
  395.000      8.959756E+00
  396.000      8.961371E+00
  397.000      8.962944E+00
  398.000      8.964476E+00
  399.000      8.965966E+00
  400.000      8.967418E+00
  401.000      8.968823E+00
  402.000      8.970187E+00
  403.000      8.971508E+00
  404.000      8.972786E+00
  405.000      8.974022E+00
  406.000      8.975216E+00
  407.000      8.976367E+00
  408.000      8.977475E+00
  409.000      8.978540E+00
  410.000      8.979562E+00
  411.000      9.247580E+00
  412.000      9.252870E+00
  413.000      9.258132E+00
  414.000      9.263354E+00
  415.000      9.268560E+00
  416.000      9.273740E+00
  417.000      9.278880E+00
  418.000      9.284006E+00
  419.000      9.289106E+00
  420.000      9.294168E+00
  421.000      9.299217E+00
  422.000      9.304242E+00
  423.000      9.309229E+00
  424.000      9.314204E+00
  425.000      9.319156E+00
  426.000      9.324072E+00
  427.000      9.328977E+00
  428.000      9.333859E+00
  429.000      9.338706E+00
  430.000      9.343544E+00
  431.000      9.348360E+00
  432.000      9.353143E+00
  433.000      9.357916E+00
  434.000      9.362669E+00
  435.000      9.367390E+00
  436.000      9.372103E+00
  437.000      9.376796E+00
  438.000      9.381459E+00
  439.000      9.386114E+00
  440.000      9.390751E+00
  441.000      9.395359E+00
  442.000      9.399960E+00
  443.000      9.404543E+00
  444.000      9.409099E+00
  445.000      9.413649E+00
  446.000      9.418183E+00
  447.000      9.422690E+00
  448.000      9.427193E+00
  449.000      9.431680E+00
  450.000      9.436142E+00
  451.000      9.440600E+00
  452.000      9.445044E+00
  453.000      9.449463E+00
  454.000      9.453880E+00
  455.000      9.458284E+00
  456.000      9.462665E+00
  457.000      9.467044E+00
  458.000      9.471411E+00
  459.000      9.475757E+00
  460.000      9.480101E+00
  461.000      9.484435E+00
  462.000      9.488748E+00
  463.000      9.493061E+00
  464.000      9.497364E+00
  465.000      9.501648E+00
  466.000      9.505933E+00
  467.000      9.510210E+00
  468.000      9.514468E+00
  469.000      9.518728E+00
  470.000      9.522981E+00
  471.000      9.527216E+00
  472.000      9.531455E+00
  473.000      9.535688E+00
  474.000      9.539904E+00
  475.000      9.544124E+00
  476.000      9.548340E+00
  477.000      9.552540E+00
  478.000      9.556745E+00
  479.000      9.560947E+00
  480.000      9.565134E+00
  481.000      9.569328E+00
  482.000      9.573519E+00
  483.000      9.577697E+00
  484.000      9.581882E+00
  485.000      9.586066E+00
  486.000      9.590237E+00
  487.000      9.594418E+00
  488.000      9.598597E+00
  489.000      9.602766E+00
  490.000      9.606944E+00
  491.000      9.611123E+00
  492.000      9.615291E+00
  493.000      9.619471E+00
  494.000      9.623652E+00
  495.000      9.627825E+00
  496.000      9.632009E+00
  497.000      9.636196E+00
  498.000      9.640375E+00
  499.000      9.644568E+00
  500.000      9.648763E+00
  501.000      9.652953E+00
  502.000      9.657156E+00
  503.000      9.661364E+00
  504.000      9.665567E+00
  505.000      9.669785E+00
  506.000      9.674008E+00
  507.000      9.678228E+00
  508.000      9.682463E+00
  509.000      9.686706E+00
  510.000      9.690945E+00
  511.000      9.695202E+00
  512.000      9.699466E+00
  513.000      9.703728E+00
  514.000      9.708009E+00
  515.000      9.712299E+00
  516.000      9.716588E+00
  517.000      9.720896E+00
  518.000      9.725214E+00
  519.000      9.729533E+00
  520.000      9.733872E+00
  521.000      9.738222E+00
  522.000      9.742573E+00
  523.000      9.746947E+00
  524.000      9.751332E+00
  525.000      9.755718E+00
  526.000      9.760126E+00
  527.000      9.764545E+00
  528.000      9.768964E+00
  529.000      9.773404E+00
  530.000      9.777855E+00
  531.000      9.782306E+00
  532.000      9.786777E+00
  533.000      9.791258E+00
  534.000      9.795737E+00
  535.000      9.800237E+00
  536.000      9.804746E+00
  537.000      9.809253E+00
  538.000      9.813780E+00
  539.000      9.818315E+00
  540.000      9.822847E+00
  541.000      9.827398E+00
  542.000      9.831957E+00
  543.000      9.836513E+00
  544.000      9.841087E+00
  545.000      9.845668E+00
  546.000      9.850245E+00
  547.000      9.854840E+00
  548.000      9.859441E+00
  549.000      9.864038E+00
  550.000      9.868651E+00
  551.000      9.873271E+00
  552.000      9.877885E+00
  553.000      9.882515E+00
  554.000      9.887151E+00
  555.000      9.891780E+00
  556.000      9.896426E+00
  557.000      9.901076E+00
  558.000      9.905719E+00
  559.000      9.910377E+00
  560.000      9.915039E+00
  561.000      9.919694E+00
  562.000      9.924363E+00
  563.000      9.929036E+00
  564.000      9.933700E+00
  565.000      9.938378E+00
  566.000      9.943059E+00
  567.000      9.947731E+00
  568.000      9.952416E+00
  569.000      9.957103E+00
  570.000      9.961781E+00
  571.000      9.966471E+00
  572.000      9.971163E+00
  573.000      9.975844E+00
  574.000      9.980537E+00
  575.000      9.985231E+00
  576.000      9.989914E+00
  577.000      9.994609E+00
  578.000      9.999303E+00
  579.000      1.000399E+01
  580.000      1.000868E+01
  581.000      1.001337E+01
  582.000      1.001805E+01
  583.000      1.002274E+01
  584.000      1.002743E+01
  585.000      1.003211E+01
  586.000      1.003680E+01
  587.000      1.004148E+01
  588.000      1.004615E+01
  589.000      1.005083E+01
  590.000      1.005551E+01
  591.000      1.006017E+01
  592.000      1.006484E+01
  593.000      1.006951E+01
  594.000      1.007416E+01
  595.000      1.007882E+01
  596.000      1.008347E+01
  597.000      1.008811E+01
  598.000      1.009276E+01
  599.000      1.009740E+01
  600.000      1.010203E+01
  601.000      1.010666E+01
  602.000      1.011129E+01
  603.000      1.011590E+01
  604.000      1.012052E+01
  605.000      1.012513E+01
  606.000      1.012972E+01
  607.000      1.013432E+01
  608.000      1.013891E+01
  609.000      1.014348E+01
  610.000      1.014806E+01
  611.000      1.015263E+01
  612.000      1.015718E+01
  613.000      1.016173E+01
  614.000      1.016628E+01
  615.000      1.017080E+01
  616.000      1.017533E+01
  617.000      1.017986E+01
  618.000      1.018436E+01
  619.000      1.018886E+01
  620.000      1.019335E+01
  621.000      1.019783E+01
  622.000      1.020230E+01
  623.000      1.020677E+01
  624.000      1.021121E+01
  625.000      1.021566E+01
  626.000      1.022009E+01
  627.000      1.022450E+01
  628.000      1.022891E+01
  629.000      1.023332E+01
  630.000      1.023769E+01
  631.000      1.024207E+01
  632.000      1.024644E+01
  633.000      1.025078E+01
  634.000      1.025512E+01
  635.000      1.025945E+01
  636.000      1.026376E+01
  637.000      1.026806E+01
  638.000      1.027235E+01
  639.000      1.027662E+01
  640.000      1.028088E+01
  641.000      1.028513E+01
  642.000      1.028935E+01
  643.000      1.029357E+01
  644.000      1.029778E+01
  645.000      1.030196E+01
  646.000      1.030614E+01
  647.000      1.031030E+01
  648.000      1.031444E+01
  649.000      1.031857E+01
  650.000      1.032268E+01
  651.000      1.073101E+01
  652.000      1.073386E+01
  653.000      1.073677E+01
  654.000      1.073960E+01
  655.000      1.074250E+01
  656.000      1.074540E+01
  657.000      1.074822E+01
  658.000      1.075111E+01
  659.000      1.075399E+01
  660.000      1.075680E+01
  661.000      1.075967E+01
  662.000      1.076247E+01
  663.000      1.076533E+01
  664.000      1.076819E+01
  665.000      1.077097E+01
  666.000      1.077382E+01
  667.000      1.077666E+01
  668.000      1.077943E+01
  669.000      1.078225E+01
  670.000      1.078501E+01
  671.000      1.078783E+01
  672.000      1.079064E+01
  673.000      1.079339E+01
  674.000      1.079619E+01
  675.000      1.079892E+01
  676.000      1.080171E+01
  677.000      1.080449E+01
  678.000      1.080721E+01
  679.000      1.080998E+01
  680.000      1.081275E+01
  681.000      1.081545E+01
  682.000      1.081820E+01
  683.000      1.082089E+01
  684.000      1.082363E+01
  685.000      1.082636E+01
  686.000      1.082903E+01
  687.000      1.083175E+01
  688.000      1.083447E+01
  689.000      1.083712E+01
  690.000      1.083982E+01
  691.000      1.084246E+01
  692.000      1.084515E+01
  693.000      1.084783E+01
  694.000      1.085045E+01
  695.000      1.085312E+01
  696.000      1.085578E+01
  697.000      1.085838E+01
  698.000      1.086103E+01
  699.000      1.086361E+01
  700.000      1.086624E+01
  701.000      1.086887E+01
  702.000      1.087144E+01
  703.000      1.087405E+01
  704.000      1.087660E+01
  705.000      1.087920E+01
  706.000      1.088179E+01
  707.000      1.088432E+01
  708.000      1.088689E+01
  709.000      1.088946E+01
  710.000      1.089197E+01
  711.000      1.089452E+01
  712.000      1.089701E+01
  713.000      1.089955E+01
  714.000      1.090208E+01
  715.000      1.090455E+01
  716.000      1.090707E+01
  717.000      1.090958E+01
  718.000      1.091202E+01
  719.000      1.091451E+01
  720.000      1.091694E+01
  721.000      1.091942E+01
  722.000      1.092188E+01
  723.000      1.092429E+01
  724.000      1.092674E+01
  725.000      1.092918E+01
  726.000      1.093156E+01
  727.000      1.093399E+01
  728.000      1.093635E+01
  729.000      1.093876E+01
  730.000      1.094116E+01
  731.000      1.094350E+01
  732.000      1.094588E+01
  733.000      1.094826E+01
  734.000      1.095057E+01
  735.000      1.095292E+01
  736.000      1.095522E+01
  737.000      1.095756E+01
  738.000      1.095989E+01
  739.000      1.096216E+01
  740.000      1.096447E+01
  741.000      1.096672E+01
  742.000      1.096901E+01
  743.000      1.097130E+01
  744.000      1.097352E+01
  745.000      1.097578E+01
  746.000      1.097804E+01
  747.000      1.098024E+01
  748.000      1.098247E+01
  749.000      1.098465E+01
  750.000      1.098687E+01
  751.000      1.098908E+01
  752.000      1.099122E+01
  753.000      1.099341E+01
  754.000      1.099559E+01
  755.000      1.099771E+01
  756.000      1.099987E+01
  757.000      1.100197E+01
  758.000      1.100411E+01
  759.000      1.100624E+01
  760.000      1.100832E+01
  761.000      1.101043E+01
  762.000      1.101254E+01
  763.000      1.101459E+01
  764.000      1.101667E+01
  765.000      1.101871E+01
  766.000      1.102078E+01
  767.000      1.102284E+01
  768.000      1.102485E+01
  769.000      1.102689E+01
  770.000      1.102888E+01
  771.000      1.103091E+01
  772.000      1.103293E+01
  773.000      1.103490E+01
  774.000      1.103691E+01
  775.000      1.103890E+01
  776.000      1.104085E+01
  777.000      1.104283E+01
  778.000      1.104476E+01
  779.000      1.104673E+01
  780.000      1.104869E+01
  781.000      1.105061E+01
  782.000      1.105255E+01
  783.000      1.105449E+01
  784.000      1.105638E+01
  785.000      1.105831E+01
  786.000      1.106019E+01
  787.000      1.106210E+01
  788.000      1.106401E+01
  789.000      1.106587E+01
  790.000      1.106776E+01
  791.000      1.106965E+01
  792.000      1.107149E+01
  793.000      1.107337E+01
  794.000      1.107520E+01
  795.000      1.107707E+01
  796.000      1.107893E+01
  797.000      1.108074E+01
  798.000      1.108259E+01
  799.000      1.108439E+01
  800.000      1.108623E+01
  801.000      1.108807E+01
  802.000      1.108986E+01
  803.000      1.109168E+01
  804.000      1.109350E+01
  805.000      1.109527E+01
  806.000      1.109708E+01
  807.000      1.109885E+01
  808.000      1.110065E+01
  809.000      1.110245E+01
  810.000      1.110420E+01
  811.000      1.110599E+01
  812.000      1.110777E+01
  813.000      1.110951E+01
  814.000      1.111129E+01
  815.000      1.111302E+01
  816.000      1.111479E+01
  817.000      1.111656E+01
  818.000      1.111828E+01
  819.000      1.112004E+01
  820.000      1.112180E+01
  821.000      1.112351E+01
  822.000      1.112526E+01
  823.000      1.112697E+01
  824.000      1.112871E+01
  825.000      1.113045E+01
  826.000      1.113215E+01
  827.000      1.113389E+01
  828.000      1.113558E+01
  829.000      1.113732E+01
  830.000      1.113904E+01
  831.000      1.114073E+01
  832.000      1.114246E+01
  833.000      1.114418E+01
  834.000      1.114586E+01
  835.000      1.114758E+01
  836.000      1.114926E+01
  837.000      1.115098E+01
  838.000      1.115269E+01
  839.000      1.115437E+01
  840.000      1.115608E+01
  841.000      1.115779E+01
  842.000      1.115946E+01
  843.000      1.116117E+01
  844.000      1.116284E+01
  845.000      1.116455E+01
  846.000      1.116625E+01
  847.000      1.116792E+01
  848.000      1.116963E+01
  849.000      1.117133E+01
  850.000      1.117300E+01
  851.000      1.117470E+01
  852.000      1.117637E+01
  853.000      1.117807E+01
  854.000      1.117977E+01
  855.000      1.118143E+01
  856.000      1.118314E+01
  857.000      1.118480E+01
  858.000      1.118650E+01
  859.000      1.118820E+01
  860.000      1.118986E+01
  861.000      1.119156E+01
  862.000      1.119326E+01
  863.000      1.119492E+01
  864.000      1.119662E+01
  865.000      1.119828E+01
  866.000      1.119997E+01
  867.000      1.120167E+01
  868.000      1.120333E+01
  869.000      1.120502E+01
  870.000      1.120672E+01
  871.000      1.120837E+01
  872.000      1.121007E+01
  873.000      1.121172E+01
  874.000      1.121342E+01
  875.000      1.121511E+01
  876.000      1.121676E+01
  877.000      1.121846E+01
  878.000      1.122015E+01
  879.000      1.122180E+01
  880.000      1.122349E+01
  881.000      1.122514E+01
  882.000      1.122683E+01
  883.000      1.122852E+01
  884.000      1.123017E+01
  885.000      1.123186E+01
  886.000      1.123351E+01
  887.000      1.123520E+01
  888.000      1.123688E+01
  889.000      1.123853E+01
  890.000      1.124022E+01
  891.000      1.124190E+01
  892.000      1.124355E+01
  893.000      1.124524E+01
  894.000      1.124688E+01
  895.000      1.124856E+01
  896.000      1.125025E+01
  897.000      1.125189E+01
  898.000      1.125357E+01
  899.000      1.125526E+01
  900.000      1.125690E+01
  901.000      1.125858E+01
  902.000      1.126022E+01
  903.000      1.126190E+01
  904.000      1.126358E+01
  905.000      1.126522E+01
  906.000      1.126690E+01
  907.000      1.126858E+01
  908.000      1.127022E+01
  909.000      1.127190E+01
  910.000      1.127354E+01
  911.000      1.127521E+01
  912.000      1.127689E+01
  913.000      1.127853E+01
  914.000      1.128020E+01
  915.000      1.128184E+01
  916.000      1.128351E+01
  917.000      1.128518E+01
  918.000      1.128682E+01
  919.000      1.128849E+01
  920.000      1.129016E+01
  921.000      1.129180E+01
  922.000      1.129347E+01
  923.000      1.129510E+01
  924.000      1.129677E+01
  925.000      1.129844E+01
  926.000      1.130007E+01
  927.000      1.130174E+01
  928.000      1.130341E+01
  929.000      1.130504E+01
  930.000      1.130671E+01
  931.000      1.130834E+01
  932.000      1.131001E+01
  933.000      1.131167E+01
  934.000      1.131330E+01
  935.000      1.131497E+01
  936.000      1.131663E+01
  937.000      1.131826E+01
  938.000      1.131992E+01
  939.000      1.132155E+01
  940.000      1.132321E+01
  941.000      1.132487E+01
  942.000      1.132650E+01
  943.000      1.132816E+01
  944.000      1.132982E+01
  945.000      1.133144E+01
  946.000      1.133310E+01
  947.000      1.133472E+01
  948.000      1.133638E+01
  949.000      1.133804E+01
  950.000      1.133966E+01
  951.000      1.134132E+01
  952.000      1.134294E+01
  953.000      1.134460E+01
  954.000      1.134626E+01
  955.000      1.134787E+01
  956.000      1.134953E+01
  957.000      1.135118E+01
  958.000      1.135280E+01
  959.000      1.135446E+01
  960.000      1.135607E+01
  961.000      1.135773E+01
  962.000      1.135938E+01
  963.000      1.136099E+01
  964.000      1.136265E+01
  965.000      1.136430E+01
  966.000      1.136591E+01
  967.000      1.136756E+01
  968.000      1.136918E+01
  969.000      1.137083E+01
  970.000      1.137247E+01
  971.000      1.137409E+01
  972.000      1.137573E+01
  973.000      1.137738E+01
  974.000      1.137899E+01
  975.000      1.138064E+01
  976.000      1.138225E+01
  977.000      1.138389E+01
  978.000      1.138554E+01
  979.000      1.138715E+01
  980.000      1.138879E+01
  981.000      1.139040E+01
  982.000      1.139204E+01
  983.000      1.139369E+01
  984.000      1.139529E+01
  985.000      1.139694E+01
  986.000      1.139858E+01
  987.000      1.140018E+01
  988.000      1.140182E+01
  989.000      1.140343E+01
  990.000      1.140507E+01
  991.000      1.140671E+01
  992.000      1.140831E+01
  993.000      1.140995E+01
  994.000      1.141159E+01
  995.000      1.141319E+01
  996.000      1.141482E+01
  997.000      1.141643E+01
  998.000      1.141806E+01
  999.000      1.141970E+01
 1000.000      1.142130E+01
 1001.000      1.142293E+01
 1002.000      1.142457E+01
 1003.000      1.142616E+01
 1004.000      1.142780E+01
 1005.000      1.142939E+01
 1006.000      1.143103E+01
 1007.000      1.143266E+01
 1008.000      1.143425E+01
 1009.000      1.143589E+01
 1010.000      1.143748E+01
 1011.000      1.143911E+01
 1012.000      1.144074E+01
 1013.000      1.144233E+01
 1014.000      1.144396E+01
 1015.000      1.144559E+01
 1016.000      1.144718E+01
 1017.000      1.144881E+01
 1018.000      1.145040E+01
 1019.000      1.145203E+01
 1020.000      1.145366E+01
 1021.000      1.145525E+01
 1022.000      1.145687E+01
 1023.000      1.145850E+01
 1024.000      1.146009E+01
 1025.000      1.146171E+01
 1026.000      1.146330E+01
 1027.000      1.146492E+01
 1028.000      1.146654E+01
 1029.000      1.146813E+01
 1030.000      1.146975E+01
 1031.000      1.147137E+01
 1032.000      1.147296E+01
 1033.000      1.147458E+01
 1034.000      1.147616E+01
 1035.000      1.147778E+01
 1036.000      1.147940E+01
 1037.000      1.148098E+01
 1038.000      1.148260E+01
 1039.000      1.148418E+01
 1040.000      1.148580E+01
 1041.000      1.148742E+01
 1042.000      1.148900E+01
 1043.000      1.149062E+01
 1044.000      1.149223E+01
 1045.000      1.149381E+01
 1046.000      1.149543E+01
 1047.000      1.149700E+01
 1048.000      1.149862E+01
 1049.000      1.150023E+01
 1050.000      1.150181E+01
 1051.000      1.150342E+01
 1052.000      1.150503E+01
 1053.000      1.150661E+01
 1054.000      1.150822E+01
 1055.000      1.150979E+01
 1056.000      1.151140E+01
 1057.000      1.151301E+01
 1058.000      1.151459E+01
 1059.000      1.151620E+01
 1060.000      1.151781E+01
 1061.000      1.151938E+01
 1062.000      1.152099E+01
 1063.000      1.152256E+01
 1064.000      1.152416E+01
 1065.000      1.152577E+01
 1066.000      1.152734E+01
 1067.000      1.152895E+01
 1068.000      1.153051E+01
 1069.000      1.153212E+01
 1070.000      1.153372E+01
 1071.000      1.153529E+01
 1072.000      1.153689E+01
 1073.000      1.153850E+01
 1074.000      1.154006E+01
 1075.000      1.154167E+01
 1076.000      1.154323E+01
 1077.000      1.154483E+01
 1078.000      1.154643E+01
 1079.000      1.154800E+01
 1080.000      1.154960E+01
 1081.000      1.155120E+01
 1082.000      1.155276E+01
 1083.000      1.155436E+01
 1084.000      1.155592E+01
 1085.000      1.155752E+01
 1086.000      1.155911E+01
 1087.000      1.156067E+01
 1088.000      1.156227E+01
 1089.000      1.156387E+01
 1090.000      1.156543E+01
 1091.000      1.156702E+01
 1092.000      1.156858E+01
 1093.000      1.157017E+01
 1094.000      1.157177E+01
 1095.000      1.157332E+01
 1096.000      1.157492E+01
 1097.000      1.157647E+01
 1098.000      1.157806E+01
 1099.000      1.157966E+01
 1100.000      1.158121E+01
 1101.000      1.158280E+01
 1102.000      1.158439E+01
 1103.000      1.158595E+01
 1104.000      1.158753E+01
 1105.000      1.158909E+01
 1106.000      1.159068E+01
 1107.000      1.159226E+01
 1108.000      1.159382E+01
 1109.000      1.159540E+01
 1110.000      1.159699E+01
 1111.000      1.159854E+01
 1112.000      1.160012E+01
 1113.000      1.160167E+01
 1114.000      1.160326E+01
 1115.000      1.160484E+01
 1116.000      1.160639E+01
 1117.000      1.160797E+01
 1118.000      1.160956E+01
 1119.000      1.161110E+01
 1120.000      1.161269E+01
 1121.000      1.161423E+01
 1122.000      1.161581E+01
 1123.000      1.161739E+01
 1124.000      1.161894E+01
 1125.000      1.162052E+01
 1126.000      1.162206E+01
 1127.000      1.162364E+01
 1128.000      1.162522E+01
 1129.000      1.162676E+01
 1130.000      1.162834E+01
 1131.000      1.162992E+01
 1132.000      1.163146E+01
 1133.000      1.163304E+01
 1134.000      1.163458E+01
 1135.000      1.163615E+01
 1136.000      1.163773E+01
 1137.000      1.163927E+01
 1138.000      1.164084E+01
 1139.000      1.164241E+01
 1140.000      1.164395E+01
 1141.000      1.164552E+01
 1142.000      1.164706E+01
 1143.000      1.164863E+01
 1144.000      1.165020E+01
 1145.000      1.165174E+01
 1146.000      1.165331E+01
 1147.000      1.165488E+01
 1148.000      1.165642E+01
 1149.000      1.165798E+01
 1150.000      1.165952E+01
 1151.000      1.166109E+01
 1152.000      1.166265E+01
 1153.000      1.166419E+01
 1154.000      1.166575E+01
 1155.000      1.166729E+01
 1156.000      1.166885E+01
 1157.000      1.167042E+01
 1158.000      1.167195E+01
 1159.000      1.167351E+01
 1160.000      1.167508E+01
 1161.000      1.167661E+01
 1162.000      1.167817E+01
 1163.000      1.167970E+01
 1164.000      1.168126E+01
 1165.000      1.168282E+01
 1166.000      1.168435E+01
 1167.000      1.168591E+01
 1168.000      1.168747E+01
 1169.000      1.168900E+01
 1170.000      1.169056E+01
 1171.000      1.169208E+01
 1172.000      1.169364E+01
 1173.000      1.169520E+01
 1174.000      1.169672E+01
 1175.000      1.169828E+01
 1176.000      1.169984E+01
 1177.000      1.170136E+01
 1178.000      1.170292E+01
 1179.000      1.170444E+01
 1180.000      1.170599E+01
 1181.000      1.170755E+01
 1182.000      1.170907E+01
 1183.000      1.171062E+01
 1184.000      1.171218E+01
 1185.000      1.171370E+01
 1186.000      1.171525E+01
 1187.000      1.171677E+01
 1188.000      1.171832E+01
 1189.000      1.171987E+01
 1190.000      1.172139E+01
 1191.000      1.172294E+01
 1192.000      1.172446E+01
 1193.000      1.172601E+01
 1194.000      1.172756E+01
 1195.000      1.172907E+01
 1196.000      1.173062E+01
 1197.000      1.173217E+01
 1198.000      1.173368E+01
 1199.000      1.173523E+01
 1200.000      1.173674E+01
 1201.000      1.173829E+01
 1202.000      1.173983E+01
 1203.000      1.174134E+01
 1204.000      1.174289E+01
 1205.000      1.174443E+01
 1206.000      1.174594E+01
 1207.000      1.174749E+01
 1208.000      1.174900E+01
 1209.000      1.175054E+01
 1210.000      1.175208E+01
 1211.000      1.175359E+01
 1212.000      1.175513E+01
 1213.000      1.175667E+01
 1214.000      1.175818E+01
 1215.000      1.175972E+01
 1216.000      1.176123E+01
 1217.000      1.176277E+01
 1218.000      1.176431E+01
 1219.000      1.176581E+01
 1220.000      1.176735E+01
 1221.000      1.176885E+01
 1222.000      1.177039E+01
 1223.000      1.177193E+01
 1224.000      1.177343E+01
 1225.000      1.177497E+01
 1226.000      1.177650E+01
 1227.000      1.177800E+01
 1228.000      1.177954E+01
 1229.000      1.178104E+01
 1230.000      1.178257E+01
 1231.000      1.178411E+01
 1232.000      1.178561E+01
 1233.000      1.178714E+01
 1234.000      1.178867E+01
 1235.000      1.179017E+01
 1236.000      1.179170E+01
 1237.000      1.179320E+01
 1238.000      1.179473E+01
 1239.000      1.179626E+01
 1240.000      1.179775E+01
 1241.000      1.179928E+01
 1242.000      1.180081E+01
 1243.000      1.180231E+01
 1244.000      1.180383E+01
 1245.000      1.180533E+01
 1246.000      1.180685E+01
 1247.000      1.180838E+01
 1248.000      1.180987E+01
 1249.000      1.181140E+01
 1250.000      1.181289E+01
 1251.000      1.181442E+01
 1252.000      1.181594E+01
 1253.000      1.181743E+01
 1254.000      1.181896E+01
 1255.000      1.182048E+01
 1256.000      1.182197E+01
 1257.000      1.182349E+01
 1258.000      1.182498E+01
 1259.000      1.182650E+01
 1260.000      1.182802E+01
 1261.000      1.182951E+01
 1262.000      1.183103E+01
 1263.000      1.183255E+01
 1264.000      1.183403E+01
 1265.000      1.183555E+01
 1266.000      1.183704E+01
 1267.000      1.183856E+01
 1268.000      1.184007E+01
 1269.000      1.184156E+01
 1270.000      1.184307E+01
 1271.000      1.184459E+01
 1272.000      1.184607E+01
 1273.000      1.184759E+01
 1274.000      1.184907E+01
 1275.000      1.185059E+01
 1276.000      1.185210E+01
 1277.000      1.185358E+01
 1278.000      1.185509E+01
 1279.000      1.185657E+01
 1280.000      1.185809E+01
 1281.000      1.185960E+01
 1282.000      1.186108E+01
 1283.000      1.186259E+01
 1284.000      1.186410E+01
 1285.000      1.186558E+01
 1286.000      1.186709E+01
 1287.000      1.186856E+01
 1288.000      1.187007E+01
 1289.000      1.187158E+01
 1290.000      1.187306E+01
 1291.000      1.187456E+01
 1292.000      1.187607E+01
 1293.000      1.187754E+01
 1294.000      1.187905E+01
 1295.000      1.188052E+01
 1296.000      1.188203E+01
 1297.000      1.188354E+01
 1298.000      1.188501E+01
 1299.000      1.188651E+01
 1300.000      1.188802E+01
 1301.000      1.188949E+01
 1302.000      1.189099E+01
 1303.000      1.189246E+01
 1304.000      1.189396E+01
 1305.000      1.189546E+01
 1306.000      1.189693E+01
 1307.000      1.189843E+01
 1308.000      1.189990E+01
 1309.000      1.190140E+01
 1310.000      1.190290E+01
 1311.000      1.190437E+01
 1312.000      1.190586E+01
 1313.000      1.190736E+01
 1314.000      1.190883E+01
 1315.000      1.191032E+01
 1316.000      1.191179E+01
 1317.000      1.191329E+01
 1318.000      1.191478E+01
 1319.000      1.191624E+01
 1320.000      1.191774E+01
 1321.000      1.191923E+01
 1322.000      1.192070E+01
 1323.000      1.192219E+01
 1324.000      1.192365E+01
 1325.000      1.192514E+01
 1326.000      1.192664E+01
 1327.000      1.192810E+01
 1328.000      1.192959E+01
 1329.000      1.193108E+01
 1330.000      1.193254E+01
 1331.000      1.193403E+01
 1332.000      1.193548E+01
 1333.000      1.193697E+01
 1334.000      1.193846E+01
 1335.000      1.193992E+01
 1336.000      1.194141E+01
 1337.000      1.194286E+01
 1338.000      1.194435E+01
 1339.000      1.194584E+01
 1340.000      1.194729E+01
 1341.000      1.194878E+01
 1342.000      1.195026E+01
 1343.000      1.195171E+01
 1344.000      1.195320E+01
 1345.000      1.195465E+01
 1346.000      1.195613E+01
 1347.000      1.195762E+01
 1348.000      1.195907E+01
 1349.000      1.196055E+01
 1350.000      1.196203E+01
 1351.000      1.196348E+01
 1352.000      1.196496E+01
 1353.000      1.196641E+01
 1354.000      1.196789E+01
 1355.000      1.196937E+01
 1356.000      1.197081E+01
 1357.000      1.197229E+01
 1358.000      1.197377E+01
 1359.000      1.197522E+01
 1360.000      1.197669E+01
 1361.000      1.197814E+01
 1362.000      1.197961E+01
 1363.000      1.198109E+01
 1364.000      1.198253E+01
 1365.000      1.198401E+01
 1366.000      1.198545E+01
 1367.000      1.198692E+01
 1368.000      1.198840E+01
 1369.000      1.198984E+01
 1370.000      1.199131E+01
 1371.000      1.199278E+01
 1372.000      1.199422E+01
 1373.000      1.199569E+01
 1374.000      1.199713E+01
 1375.000      1.199860E+01
 1376.000      1.200007E+01
 1377.000      1.200151E+01
 1378.000      1.200298E+01
 1379.000      1.200445E+01
 1380.000      1.200588E+01
 1381.000      1.200735E+01
 1382.000      1.200879E+01
 1383.000      1.201025E+01
 1384.000      1.201172E+01
 1385.000      1.201315E+01
 1386.000      1.201462E+01
 1387.000      1.201608E+01
 1388.000      1.201751E+01
 1389.000      1.201898E+01
 1390.000      1.202041E+01
 1391.000      1.202187E+01
 1392.000      1.202333E+01
 1393.000      1.202476E+01
 1394.000      1.202623E+01
 1395.000      1.202769E+01
 1396.000      1.202911E+01
 1397.000      1.203058E+01
 1398.000      1.203200E+01
 1399.000      1.203346E+01
 1400.000      1.203492E+01
 1401.000      1.203635E+01
 1402.000      1.203780E+01
 1403.000      1.203923E+01
 1404.000      1.204069E+01
 1405.000      1.204214E+01
 1406.000      1.204357E+01
 1407.000      1.204502E+01
 1408.000      1.204648E+01
 1409.000      1.204790E+01
 1410.000      1.204935E+01
 1411.000      1.205077E+01
 1412.000      1.205223E+01
 1413.000      1.205368E+01
 1414.000      1.205510E+01
 1415.000      1.205655E+01
 1416.000      1.205800E+01
 1417.000      1.205942E+01
 1418.000      1.206087E+01
 1419.000      1.206229E+01
 1420.000      1.206374E+01
 1421.000      1.206519E+01
 1422.000      1.206660E+01
 1423.000      1.206805E+01
 1424.000      1.206950E+01
 1425.000      1.207091E+01
 1426.000      1.207236E+01
 1427.000      1.207377E+01
 1428.000      1.207522E+01
 1429.000      1.207666E+01
 1430.000      1.207807E+01
 1431.000      1.207952E+01
 1432.000      1.208093E+01
 1433.000      1.208237E+01
 1434.000      1.208381E+01
 1435.000      1.208522E+01
 1436.000      1.208667E+01
 1437.000      1.208811E+01
 1438.000      1.208951E+01
 1439.000      1.209095E+01
 1440.000      1.209236E+01
 1441.000      1.209380E+01
 1442.000      1.209524E+01
 1443.000      1.209665E+01
 1444.000      1.209808E+01
 1445.000      1.209952E+01
 1446.000      1.210092E+01
 1447.000      1.210236E+01
 1448.000      1.210376E+01
 1449.000      1.210520E+01
 1450.000      1.210663E+01
 1451.000      1.210804E+01
 1452.000      1.210947E+01
 1453.000      1.211090E+01
 1454.000      1.211230E+01
 1455.000      1.211373E+01
 1456.000      1.211513E+01
 1457.000      1.211657E+01
 1458.000      1.211800E+01
 1459.000      1.211939E+01
 1460.000      1.212082E+01
 1461.000      1.212222E+01
 1462.000      1.212365E+01
 1463.000      1.212508E+01
 1464.000      1.212647E+01
 1465.000      1.212790E+01
 1466.000      1.212933E+01
 1467.000      1.213072E+01
 1468.000      1.213215E+01
 1469.000      1.213354E+01
 1470.000      1.213496E+01
 1471.000      1.213639E+01
 1472.000      1.213778E+01
 1473.000      1.213920E+01
 1474.000      1.214063E+01
 1475.000      1.214202E+01
 1476.000      1.214344E+01
 1477.000      1.214483E+01
 1478.000      1.214625E+01
 1479.000      1.214767E+01
 1480.000      1.214906E+01
 1481.000      1.215047E+01
 1482.000      1.215189E+01
 1483.000      1.215328E+01
 1484.000      1.215470E+01
 1485.000      1.215608E+01
 1486.000      1.215750E+01
 1487.000      1.215891E+01
 1488.000      1.216030E+01
 1489.000      1.216171E+01
 1490.000      1.216310E+01
 1491.000      1.216451E+01
 1492.000      1.216592E+01
 1493.000      1.216730E+01
 1494.000      1.216872E+01
 1495.000      1.217013E+01
 1496.000      1.217151E+01
 1497.000      1.217292E+01
 1498.000      1.217430E+01
 1499.000      1.217571E+01
 1500.000      1.217712E+01
 1501.000      1.217849E+01
 1502.000      1.217990E+01
 1503.000      1.218131E+01
 1504.000      1.218269E+01
 1505.000      1.218409E+01
 1506.000      1.218547E+01
 1507.000      1.218687E+01
 1508.000      1.218828E+01
 1509.000      1.218965E+01
 1510.000      1.219106E+01
 1511.000      1.219246E+01
 1512.000      1.219383E+01
 1513.000      1.219523E+01
 1514.000      1.219660E+01
 1515.000      1.219801E+01
 1516.000      1.219941E+01
 1517.000      1.220078E+01
 1518.000      1.220218E+01
 1519.000      1.220354E+01
 1520.000      1.220494E+01
 1521.000      1.220634E+01
 1522.000      1.220771E+01
 1523.000      1.220910E+01
 1524.000      1.221050E+01
 1525.000      1.221187E+01
 1526.000      1.221326E+01
 1527.000      1.221463E+01
 1528.000      1.221602E+01
 1529.000      1.221742E+01
 1530.000      1.221878E+01
 1531.000      1.222017E+01
 1532.000      1.222156E+01
 1533.000      1.222292E+01
 1534.000      1.222432E+01
 1535.000      1.222568E+01
 1536.000      1.222707E+01
 1537.000      1.222846E+01
 1538.000      1.222981E+01
 1539.000      1.223120E+01
 1540.000      1.223259E+01
 1541.000      1.223395E+01
 1542.000      1.223533E+01
 1543.000      1.223669E+01
 1544.000      1.223808E+01
 1545.000      1.223946E+01
 1546.000      1.224082E+01
 1547.000      1.224220E+01
 1548.000      1.224355E+01
 1549.000      1.224494E+01
 1550.000      1.224632E+01
 1551.000      1.224767E+01
 1552.000      1.224905E+01
 1553.000      1.225043E+01
 1554.000      1.225178E+01
 1555.000      1.225316E+01
 1556.000      1.225451E+01
 1557.000      1.225589E+01
 1558.000      1.225727E+01
 1559.000      1.225862E+01
 1560.000      1.226000E+01
 1561.000      1.226137E+01
 1562.000      1.226272E+01
 1563.000      1.226409E+01
 1564.000      1.226544E+01
 1565.000      1.226681E+01
 1566.000      1.226819E+01
 1567.000      1.226953E+01
 1568.000      1.227090E+01
 1569.000      1.227228E+01
 1570.000      1.227362E+01
 1571.000      1.227499E+01
 1572.000      1.227633E+01
 1573.000      1.227770E+01
 1574.000      1.227907E+01
 1575.000      1.228041E+01
 1576.000      1.228178E+01
 1577.000      1.228312E+01
 1578.000      1.228448E+01
 1579.000      1.228585E+01
 1580.000      1.228719E+01
 1581.000      1.228855E+01
 1582.000      1.228992E+01
 1583.000      1.229125E+01
 1584.000      1.229262E+01
 1585.000      1.229395E+01
 1586.000      1.229531E+01
 1587.000      1.229668E+01
 1588.000      1.229801E+01
 1589.000      1.229937E+01
 1590.000      1.230073E+01
 1591.000      1.230206E+01
 1592.000      1.230342E+01
 1593.000      1.230475E+01
 1594.000      1.230611E+01
 1595.000      1.230747E+01
 1596.000      1.230879E+01
 1597.000      1.231015E+01
 1598.000      1.231151E+01
 1599.000      1.231283E+01
 1600.000      1.231419E+01
 1601.000      1.231551E+01
 1602.000      1.231687E+01
 1603.000      1.231822E+01
 1604.000      1.231955E+01
 1605.000      1.232090E+01
 1606.000      1.232222E+01
 1607.000      1.232357E+01
 1608.000      1.232492E+01
 1609.000      1.232624E+01
 1610.000      1.232759E+01
 1611.000      1.232894E+01
 1612.000      1.233026E+01
 1613.000      1.233161E+01
 1614.000      1.233293E+01
 1615.000      1.233427E+01
 1616.000      1.233562E+01
 1617.000      1.233694E+01
 1618.000      1.233828E+01
 1619.000      1.233963E+01
 1620.000      1.234094E+01
 1621.000      1.234228E+01
 1622.000      1.234360E+01
 1623.000      1.234494E+01
 1624.000      1.234628E+01
 1625.000      1.234759E+01
 1626.000      1.234893E+01
 1627.000      1.235027E+01
 1628.000      1.235158E+01
 1629.000      1.235292E+01
 1630.000      1.235423E+01
 1631.000      1.235557E+01
 1632.000      1.235691E+01
 1633.000      1.235821E+01
 1634.000      1.235955E+01
 1635.000      1.236088E+01
 1636.000      1.236219E+01
 1637.000      1.236352E+01
 1638.000      1.236483E+01
 1639.000      1.236616E+01
 1640.000      1.236749E+01
 1641.000      1.236880E+01
 1642.000      1.237013E+01
 1643.000      1.237143E+01
 1644.000      1.237276E+01
 1645.000      1.237409E+01
 1646.000      1.237539E+01
 1647.000      1.237672E+01
 1648.000      1.237804E+01
 1649.000      1.237934E+01
 1650.000      1.238067E+01
 1651.000      1.238197E+01
 1652.000      1.238329E+01
 1653.000      1.238462E+01
 1654.000      1.238591E+01
 1655.000      1.238723E+01
 1656.000      1.238856E+01
 1657.000      1.238985E+01
 1658.000      1.239117E+01
 1659.000      1.239247E+01
 1660.000      1.239379E+01
 1661.000      1.239511E+01
 1662.000      1.239640E+01
 1663.000      1.239772E+01
 1664.000      1.239903E+01
 1665.000      1.240032E+01
 1666.000      1.240164E+01
 1667.000      1.240293E+01
 1668.000      1.240424E+01
 1669.000      1.240556E+01
 1670.000      1.240684E+01
 1671.000      1.240816E+01
 1672.000      1.240944E+01
 1673.000      1.241076E+01
 1674.000      1.241207E+01
 1675.000      1.241335E+01
 1676.000      1.241466E+01
 1677.000      1.241597E+01
 1678.000      1.241725E+01
 1679.000      1.241856E+01
 1680.000      1.241984E+01
 1681.000      1.242115E+01
 1682.000      1.242246E+01
 1683.000      1.242374E+01
 1684.000      1.242504E+01
 1685.000      1.242635E+01
 1686.000      1.242763E+01
 1687.000      1.242893E+01
 1688.000      1.243021E+01
 1689.000      1.243151E+01
 1690.000      1.243281E+01
 1691.000      1.243408E+01
 1692.000      1.243539E+01
 1693.000      1.243669E+01
 1694.000      1.243796E+01
 1695.000      1.243926E+01
 1696.000      1.244053E+01
 1697.000      1.244183E+01
 1698.000      1.244312E+01
 1699.000      1.244439E+01
 1700.000      1.244569E+01
 1701.000      1.244696E+01
 1702.000      1.244825E+01
 1703.000      1.244955E+01
 1704.000      1.245081E+01
 1705.000      1.245211E+01
 1706.000      1.245340E+01
 1707.000      1.245466E+01
 1708.000      1.245595E+01
 1709.000      1.245722E+01
 1710.000      1.245851E+01
 1711.000      1.245980E+01
 1712.000      1.246106E+01
 1713.000      1.246235E+01
 1714.000      1.246363E+01
 1715.000      1.246489E+01
 1716.000      1.246618E+01
 1717.000      1.246744E+01
 1718.000      1.246872E+01
 1719.000      1.247001E+01
 1720.000      1.247126E+01
 1721.000      1.247254E+01
 1722.000      1.247383E+01
 1723.000      1.247508E+01
 1724.000      1.247636E+01
 1725.000      1.247762E+01
 1726.000      1.247890E+01
 1727.000      1.248018E+01
 1728.000      1.248143E+01
 1729.000      1.248270E+01
 1730.000      1.248395E+01
 1731.000      1.248523E+01
 1732.000      1.248651E+01
 1733.000      1.248776E+01
 1734.000      1.248903E+01
 1735.000      1.249031E+01
 1736.000      1.249155E+01
 1737.000      1.249282E+01
 1738.000      1.249407E+01
 1739.000      1.249534E+01
 1740.000      1.249661E+01
 1741.000      1.249785E+01
 1742.000      1.249912E+01
 1743.000      1.250039E+01
 1744.000      1.250163E+01
 1745.000      1.250290E+01
 1746.000      1.250414E+01
 1747.000      1.250541E+01
 1748.000      1.250668E+01
 1749.000      1.250791E+01
 1750.000      1.250918E+01
 1751.000      1.251044E+01
 1752.000      1.251168E+01
 1753.000      1.251294E+01
 1754.000      1.251418E+01
 1755.000      1.251544E+01
 1756.000      1.251670E+01
 1757.000      1.251793E+01
 1758.000      1.251919E+01
 1759.000      1.252042E+01
 1760.000      1.252168E+01
 1761.000      1.252294E+01
 1762.000      1.252417E+01
 1763.000      1.252542E+01
 1764.000      1.252668E+01
 1765.000      1.252791E+01
 1766.000      1.252916E+01
 1767.000      1.253039E+01
 1768.000      1.253164E+01
 1769.000      1.253289E+01
 1770.000      1.253412E+01
 1771.000      1.253537E+01
 1772.000      1.253662E+01
 1773.000      1.253784E+01
 1774.000      1.253909E+01
 1775.000      1.254031E+01
 1776.000      1.254156E+01
 1777.000      1.254281E+01
 1778.000      1.254402E+01
 1779.000      1.254527E+01
 1780.000      1.254652E+01
 1781.000      1.254773E+01
 1782.000      1.254898E+01
 1783.000      1.255019E+01
 1784.000      1.255144E+01
 1785.000      1.255268E+01
 1786.000      1.255389E+01
 1787.000      1.255513E+01
 1788.000      1.255634E+01
 1789.000      1.255758E+01
 1790.000      1.255882E+01
 1791.000      1.256003E+01
 1792.000      1.256127E+01
 1793.000      1.256251E+01
 1794.000      1.256371E+01
 1795.000      1.256495E+01
 1796.000      1.256616E+01
 1797.000      1.256739E+01
 1798.000      1.256862E+01
 1799.000      1.256983E+01
 1800.000      1.257106E+01
 1801.000      1.257229E+01
 1802.000      1.257350E+01
 1803.000      1.257473E+01
 1804.000      1.257593E+01
 1805.000      1.257716E+01
 1806.000      1.257838E+01
 1807.000      1.257958E+01
 1808.000      1.258081E+01
 1809.000      1.258204E+01
 1810.000      1.258323E+01
 1811.000      1.258446E+01
 1812.000      1.258565E+01
 1813.000      1.258688E+01
 1814.000      1.258810E+01
 1815.000      1.258929E+01
 1816.000      1.259051E+01
 1817.000      1.259171E+01
 1818.000      1.259293E+01
 1819.000      1.259415E+01
 1820.000      1.259534E+01
 1821.000      1.259656E+01
 1822.000      1.259777E+01
 1823.000      1.259896E+01
 1824.000      1.260018E+01
 1825.000      1.260136E+01
 1826.000      1.260258E+01
 1827.000      1.260379E+01
 1828.000      1.260498E+01
 1829.000      1.260619E+01
 1830.000      1.260740E+01
 1831.000      1.260858E+01
 1832.000      1.260979E+01
 1833.000      1.261098E+01
 1834.000      1.261219E+01
 1835.000      1.261339E+01
 1836.000      1.261457E+01
 1837.000      1.261578E+01
 1838.000      1.261699E+01
 1839.000      1.261816E+01
 1840.000      1.261937E+01
 1841.000      1.262055E+01
 1842.000      1.262175E+01
 1843.000      1.262295E+01
 1844.000      1.262413E+01
 1845.000      1.262533E+01
 1846.000      1.262653E+01
 1847.000      1.262770E+01
 1848.000      1.262890E+01
 1849.000      1.263007E+01
 1850.000      1.263127E+01
 1851.000      1.263246E+01
 1852.000      1.263363E+01
 1853.000      1.263483E+01
 1854.000      1.263600E+01
 1855.000      1.263719E+01
 1856.000      1.263838E+01
 1857.000      1.263955E+01
 1858.000      1.264074E+01
 1859.000      1.264193E+01
 1860.000      1.264309E+01
 1861.000      1.264428E+01
 1862.000      1.264545E+01
 1863.000      1.264663E+01
 1864.000      1.264782E+01
 1865.000      1.264898E+01
 1866.000      1.265017E+01
 1867.000      1.265135E+01
 1868.000      1.265251E+01
 1869.000      1.265369E+01
 1870.000      1.265485E+01
 1871.000      1.265603E+01
 1872.000      1.265722E+01
 1873.000      1.265837E+01
 1874.000      1.265955E+01
 1875.000      1.266073E+01
 1876.000      1.266188E+01
 1877.000      1.266306E+01
 1878.000      1.266421E+01
 1879.000      1.266539E+01
 1880.000      1.266656E+01
 1881.000      1.266771E+01
 1882.000      1.266889E+01
 1883.000      1.267003E+01
 1884.000      1.267121E+01
 1885.000      1.267238E+01
 1886.000      1.267353E+01
 1887.000      1.267470E+01
 1888.000      1.267587E+01
 1889.000      1.267701E+01
 1890.000      1.267818E+01
 1891.000      1.267932E+01
 1892.000      1.268049E+01
 1893.000      1.268165E+01
 1894.000      1.268279E+01
 1895.000      1.268396E+01
 1896.000      1.268512E+01
 1897.000      1.268626E+01
 1898.000      1.268742E+01
 1899.000      1.268856E+01
 1900.000      1.268972E+01
 1901.000      1.269088E+01
 1902.000      1.269201E+01
 1903.000      1.269317E+01
 1904.000      1.269433E+01
 1905.000      1.269546E+01
 1906.000      1.269662E+01
 1907.000      1.269775E+01
 1908.000      1.269891E+01
 1909.000      1.270006E+01
 1910.000      1.270119E+01
 1911.000      1.270234E+01
 1912.000      1.270347E+01
 1913.000      1.270462E+01
 1914.000      1.270577E+01
 1915.000      1.270690E+01
 1916.000      1.270805E+01
 1917.000      1.270919E+01
 1918.000      1.271032E+01
 1919.000      1.271146E+01
 1920.000      1.271259E+01
 1921.000      1.271373E+01
 1922.000      1.271488E+01
 1923.000      1.271600E+01
 1924.000      1.271714E+01
 1925.000      1.271828E+01
 1926.000      1.271940E+01
 1927.000      1.272054E+01
 1928.000      1.272166E+01
 1929.000      1.272280E+01
 1930.000      1.272394E+01
 1931.000      1.272505E+01
 1932.000      1.272619E+01
 1933.000      1.272733E+01
 1934.000      1.272844E+01
 1935.000      1.272957E+01
 1936.000      1.273068E+01
 1937.000      1.273182E+01
 1938.000      1.273295E+01
 1939.000      1.273406E+01
 1940.000      1.273520E+01
 1941.000      1.273630E+01
 1942.000      1.273743E+01
 1943.000      1.273857E+01
 1944.000      1.273967E+01
 1945.000      1.274080E+01
 1946.000      1.274193E+01
 1947.000      1.274303E+01
 1948.000      1.274416E+01
 1949.000      1.274526E+01
 1950.000      1.274639E+01
 1951.000      1.274752E+01
 1952.000      1.274862E+01
 1953.000      1.274974E+01
 1954.000      1.275087E+01
 1955.000      1.275197E+01
 1956.000      1.275309E+01
 1957.000      1.275419E+01
 1958.000      1.275531E+01
 1959.000      1.275643E+01
 1960.000      1.275753E+01
 1961.000      1.275865E+01
 1962.000      1.275977E+01
 1963.000      1.276086E+01
 1964.000      1.276198E+01
 1965.000      1.276307E+01
 1966.000      1.276419E+01
 1967.000      1.276531E+01
 1968.000      1.276640E+01
 1969.000      1.276752E+01
 1970.000      1.276861E+01
 1971.000      1.276972E+01
 1972.000      1.277084E+01
 1973.000      1.277193E+01
 1974.000      1.277304E+01
 1975.000      1.277415E+01
 1976.000      1.277524E+01
 1977.000      1.277635E+01
 1978.000      1.277744E+01
 1979.000      1.277855E+01
 1980.000      1.277966E+01
 1981.000      1.278075E+01
 1982.000      1.278186E+01
 1983.000      1.278297E+01
 1984.000      1.278405E+01
 1985.000      1.278516E+01
 1986.000      1.278624E+01
 1987.000      1.278735E+01
 1988.000      1.278845E+01
 1989.000      1.278954E+01
 1990.000      1.279064E+01
 1991.000      1.279175E+01
 1992.000      1.279283E+01
 1993.000      1.279393E+01
 1994.000      1.279501E+01
 1995.000      1.279611E+01
 1996.000      1.279722E+01
 1997.000      1.279830E+01
 1998.000      1.279940E+01
 1999.000      1.280048E+01
 2000.000      1.280158E+01
 2001.000      1.280268E+01
 2002.000      1.280375E+01
 2003.000      1.280485E+01
 2004.000      1.280595E+01
 2005.000      1.280703E+01
 2006.000      1.280813E+01
 2007.000      1.280920E+01
 2008.000      1.281030E+01
 2009.000      1.281140E+01
 2010.000      1.281247E+01
 2011.000      1.281357E+01
 2012.000      1.281467E+01
 2013.000      1.281574E+01
 2014.000      1.281683E+01
 2015.000      1.281790E+01
 2016.000      1.281900E+01
 2017.000      1.282010E+01
 2018.000      1.282117E+01
 2019.000      1.282226E+01
 2020.000      1.282335E+01
 2021.000      1.282442E+01
 2022.000      1.282552E+01
 2023.000      1.282658E+01
 2024.000      1.282768E+01
 2025.000      1.282877E+01
 2026.000      1.282984E+01
 2027.000      1.283093E+01
 2028.000      1.283200E+01
 2029.000      1.283309E+01
 2030.000      1.283418E+01
 2031.000      1.283524E+01
 2032.000      1.283633E+01
 2033.000      1.283742E+01
 2034.000      1.283849E+01
 2035.000      1.283958E+01
 2036.000      1.284064E+01
 2037.000      1.284173E+01
 2038.000      1.284282E+01
 2039.000      1.284388E+01
 2040.000      1.284497E+01
 2041.000      1.284606E+01
 2042.000      1.284712E+01
 2043.000      1.284821E+01
 2044.000      1.284927E+01
 2045.000      1.285036E+01
 2046.000      1.285144E+01
 2047.000      1.285250E+01
 2048.000      1.285359E+01
 2049.000      1.285468E+01
 2050.000      1.285574E+01
 2051.000      1.285682E+01
 2052.000      1.285788E+01
 2053.000      1.285897E+01
 2054.000      1.286005E+01
 2055.000      1.286111E+01
 2056.000      1.286220E+01
 2057.000      1.286328E+01
 2058.000      1.286434E+01
 2059.000      1.286542E+01
 2060.000      1.286648E+01
 2061.000      1.286756E+01
 2062.000      1.286865E+01
 2063.000      1.286971E+01
 2064.000      1.287079E+01
 2065.000      1.287185E+01
 2066.000      1.287293E+01
 2067.000      1.287401E+01
 2068.000      1.287507E+01
 2069.000      1.287615E+01
 2070.000      1.287723E+01
 2071.000      1.287829E+01
 2072.000      1.287937E+01
 2073.000      1.288043E+01
 2074.000      1.288151E+01
 2075.000      1.288259E+01
 2076.000      1.288364E+01
 2077.000      1.288472E+01
 2078.000      1.288580E+01
 2079.000      1.288686E+01
 2080.000      1.288794E+01
 2081.000      1.288900E+01
 2082.000      1.289008E+01
 2083.000      1.289116E+01
 2084.000      1.289221E+01
 2085.000      1.289329E+01
 2086.000      1.289437E+01
 2087.000      1.289543E+01
 2088.000      1.289650E+01
 2089.000      1.289756E+01
 2090.000      1.289864E+01
 2091.000      1.289972E+01
 2092.000      1.290077E+01
 2093.000      1.290185E+01
 2094.000      1.290291E+01
 2095.000      1.290398E+01
 2096.000      1.290506E+01
 2097.000      1.290612E+01
 2098.000      1.290720E+01
 2099.000      1.290827E+01
 2100.000      1.290933E+01
 2101.000      1.291041E+01
 2102.000      1.291146E+01
 2103.000      1.291254E+01
 2104.000      1.291362E+01
 2105.000      1.291467E+01
 2106.000      1.291575E+01
 2107.000      1.291683E+01
 2108.000      1.291788E+01
 2109.000      1.291896E+01
 2110.000      1.292002E+01
 2111.000      1.292109E+01
 2112.000      1.292217E+01
 2113.000      1.292323E+01
 2114.000      1.292430E+01
 2115.000      1.292538E+01
 2116.000      1.292644E+01
 2117.000      1.292751E+01
 2118.000      1.292857E+01
 2119.000      1.292965E+01
 2120.000      1.293072E+01
 2121.000      1.293178E+01
 2122.000      1.293286E+01
 2123.000      1.293391E+01
 2124.000      1.293499E+01
 2125.000      1.293607E+01
 2126.000      1.293712E+01
 2127.000      1.293820E+01
 2128.000      1.293928E+01
 2129.000      1.294033E+01
 2130.000      1.294141E+01
 2131.000      1.294247E+01
 2132.000      1.294355E+01
 2133.000      1.294462E+01
 2134.000      1.294568E+01
 2135.000      1.294676E+01
 2136.000      1.294784E+01
 2137.000      1.294889E+01
 2138.000      1.294997E+01
 2139.000      1.295103E+01
 2140.000      1.295211E+01
 2141.000      1.295319E+01
 2142.000      1.295424E+01
 2143.000      1.295532E+01
 2144.000      1.295640E+01
 2145.000      1.295746E+01
 2146.000      1.295854E+01
 2147.000      1.295959E+01
 2148.000      1.296068E+01
 2149.000      1.296176E+01
 2150.000      1.296281E+01
 2151.000      1.296389E+01
 2152.000      1.296495E+01
 2153.000      1.296603E+01
 2154.000      1.296711E+01
 2155.000      1.296817E+01
 2156.000      1.296925E+01
 2157.000      1.297033E+01
 2158.000      1.297139E+01
 2159.000      1.297247E+01
 2160.000      1.297353E+01
 2161.000      1.297461E+01
 2162.000      1.297570E+01
 2163.000      1.297676E+01
 2164.000      1.297784E+01
 2165.000      1.297892E+01
 2166.000      1.297998E+01
 2167.000      1.298106E+01
 2168.000      1.298212E+01
 2169.000      1.298321E+01
 2170.000      1.298429E+01
 2171.000      1.298535E+01
 2172.000      1.298644E+01
 2173.000      1.298752E+01
 2174.000      1.298858E+01
 2175.000      1.298967E+01
 2176.000      1.299073E+01
 2177.000      1.299182E+01
 2178.000      1.299290E+01
 2179.000      1.299396E+01
 2180.000      1.299505E+01
 2181.000      1.299611E+01
 2182.000      1.299720E+01
 2183.000      1.299829E+01
 2184.000      1.299935E+01
 2185.000      1.300044E+01
 2186.000      1.300153E+01
 2187.000      1.300259E+01
 2188.000      1.300368E+01
 2189.000      1.300474E+01
 2190.000      1.300583E+01
 2191.000      1.300692E+01
 2192.000      1.300799E+01
 2193.000      1.300908E+01
 2194.000      1.301017E+01
 2195.000      1.301123E+01
 2196.000      1.301232E+01
 2197.000      1.301339E+01
 2198.000      1.301448E+01
 2199.000      1.301557E+01
 2200.000      1.301664E+01
 2201.000      1.301773E+01
 2202.000      1.301882E+01
 2203.000      1.301989E+01
 2204.000      1.302098E+01
 2205.000      1.302205E+01
 2206.000      1.302314E+01
 2207.000      1.302424E+01
 2208.000      1.302530E+01
 2209.000      1.302640E+01
 2210.000      1.302747E+01
 2211.000      1.302856E+01
 2212.000      1.302965E+01
 2213.000      1.303072E+01
 2214.000      1.303182E+01
 2215.000      1.303291E+01
 2216.000      1.303398E+01
 2217.000      1.303508E+01
 2218.000      1.303615E+01
 2219.000      1.303725E+01
 2220.000      1.303834E+01
 2221.000      1.303941E+01
 2222.000      1.304051E+01
 2223.000      1.304160E+01
 2224.000      1.304268E+01
 2225.000      1.304377E+01
 2226.000      1.304485E+01
 2227.000      1.304594E+01
 2228.000      1.304704E+01
 2229.000      1.304811E+01
 2230.000      1.304921E+01
 2231.000      1.305031E+01
 2232.000      1.305138E+01
 2233.000      1.305248E+01
 2234.000      1.305356E+01
 2235.000      1.305465E+01
 2236.000      1.305575E+01
 2237.000      1.305683E+01
 2238.000      1.305793E+01
 2239.000      1.305900E+01
 2240.000      1.306010E+01
 2241.000      1.306120E+01
 2242.000      1.306228E+01
 2243.000      1.306338E+01
 2244.000      1.306448E+01
 2245.000      1.306555E+01
 2246.000      1.306666E+01
 2247.000      1.306773E+01
 2248.000      1.306883E+01
 2249.000      1.306993E+01
 2250.000      1.307101E+01
 2251.000      1.307211E+01
 2252.000      1.307321E+01
 2253.000      1.307429E+01
 2254.000      1.307539E+01
 2255.000      1.307647E+01
 2256.000      1.307758E+01
 2257.000      1.307868E+01
 2258.000      1.307976E+01
 2259.000      1.308086E+01
 2260.000      1.308196E+01
 2261.000      1.308304E+01
 2262.000      1.308415E+01
 2263.000      1.308522E+01
 2264.000      1.308633E+01
 2265.000      1.308743E+01
 2266.000      1.308851E+01
 2267.000      1.308962E+01
 2268.000      1.309070E+01
 2269.000      1.309180E+01
 2270.000      1.309291E+01
 2271.000      1.309399E+01
 2272.000      1.309509E+01
 2273.000      1.309620E+01
 2274.000      1.309728E+01
 2275.000      1.309839E+01
 2276.000      1.309947E+01
 2277.000      1.310057E+01
 2278.000      1.310168E+01
 2279.000      1.310276E+01
 2280.000      1.310387E+01
 2281.000      1.310497E+01
 2282.000      1.310606E+01
 2283.000      1.310716E+01
 2284.000      1.310825E+01
 2285.000      1.310935E+01
 2286.000      1.311046E+01
 2287.000      1.311154E+01
 2288.000      1.311265E+01
 2289.000      1.311376E+01
 2290.000      1.311484E+01
 2291.000      1.311595E+01
 2292.000      1.311703E+01
 2293.000      1.311814E+01
 2294.000      1.311925E+01
 2295.000      1.312034E+01
 2296.000      1.312144E+01
 2297.000      1.312255E+01
 2298.000      1.312364E+01
 2299.000      1.312475E+01
 2300.000      1.312583E+01
 2301.000      1.312694E+01
 2302.000      1.312805E+01
 2303.000      1.312914E+01
 2304.000      1.313025E+01
 2305.000      1.313133E+01
 2306.000      1.313244E+01
 2307.000      1.313355E+01
 2308.000      1.313464E+01
 2309.000      1.313575E+01
 2310.000      1.313686E+01
 2311.000      1.313794E+01
 2312.000      1.313906E+01
 2313.000      1.314014E+01
 2314.000      1.314125E+01
 2315.000      1.314236E+01
 2316.000      1.314345E+01
 2317.000      1.314456E+01
 2318.000      1.314567E+01
 2319.000      1.314676E+01
 2320.000      1.314787E+01
 2321.000      1.314896E+01
 2322.000      1.315007E+01
 2323.000      1.315119E+01
 2324.000      1.315227E+01
 2325.000      1.315339E+01
 2326.000      1.315450E+01
 2327.000      1.315559E+01
 2328.000      1.315670E+01
 2329.000      1.315779E+01
 2330.000      1.315890E+01
 2331.000      1.316001E+01
 2332.000      1.316110E+01
 2333.000      1.316221E+01
 2334.000      1.316330E+01
 2335.000      1.316442E+01
 2336.000      1.316553E+01
 2337.000      1.316662E+01
 2338.000      1.316773E+01
 2339.000      1.316885E+01
 2340.000      1.316994E+01
 2341.000      1.317105E+01
 2342.000      1.317214E+01
 2343.000      1.317325E+01
 2344.000      1.317437E+01
 2345.000      1.317546E+01
 2346.000      1.317657E+01
 2347.000      1.317769E+01
 2348.000      1.317878E+01
 2349.000      1.317989E+01
 2350.000      1.318098E+01
 2351.000      1.318210E+01
 2352.000      1.318321E+01
 2353.000      1.318430E+01
 2354.000      1.318542E+01
 2355.000      1.318653E+01
 2356.000      1.318762E+01
 2357.000      1.318874E+01
 2358.000      1.318983E+01
 2359.000      1.319095E+01
 2360.000      1.319206E+01
 2361.000      1.319315E+01
 2362.000      1.319427E+01
 2363.000      1.319536E+01
 2364.000      1.319647E+01
 2365.000      1.319759E+01
 2366.000      1.319868E+01
 2367.000      1.319980E+01
 2368.000      1.320091E+01
 2369.000      1.320201E+01
 2370.000      1.320312E+01
 2371.000      1.320421E+01
 2372.000      1.320533E+01
 2373.000      1.320645E+01
 2374.000      1.320754E+01
 2375.000      1.320866E+01
 2376.000      1.320978E+01
 2377.000      1.321087E+01
 2378.000      1.321199E+01
 2379.000      1.321308E+01
 2380.000      1.321420E+01
 2381.000      1.321531E+01
 2382.000      1.321641E+01
 2383.000      1.321753E+01
 2384.000      1.321865E+01
 2385.000      1.321974E+01
 2386.000      1.322086E+01
 2387.000      1.322195E+01
 2388.000      1.322307E+01
 2389.000      1.322419E+01
 2390.000      1.322529E+01
 2391.000      1.322641E+01
 2392.000      1.322750E+01
 2393.000      1.322863E+01
 2394.000      1.322975E+01
 2395.000      1.323084E+01
 2396.000      1.323196E+01
 2397.000      1.323309E+01
 2398.000      1.323418E+01
 2399.000      1.323531E+01
 2400.000      1.323640E+01
 2401.000      1.323753E+01
 2402.000      1.323865E+01
 2403.000      1.323975E+01
 2404.000      1.324087E+01
 2405.000      1.324200E+01
 2406.000      1.324310E+01
 2407.000      1.324422E+01
 2408.000      1.324533E+01
 2409.000      1.324645E+01
 2410.000      1.324758E+01
 2411.000      1.324868E+01
 2412.000      1.324981E+01
 2413.000      1.325093E+01
 2414.000      1.325204E+01
 2415.000      1.325317E+01
 2416.000      1.325427E+01
 2417.000      1.325540E+01
 2418.000      1.325653E+01
 2419.000      1.325763E+01
 2420.000      1.325876E+01
 2421.000      1.325987E+01
 2422.000      1.326100E+01
 2423.000      1.326213E+01
 2424.000      1.326324E+01
 2425.000      1.326437E+01
 2426.000      1.326551E+01
 2427.000      1.326661E+01
 2428.000      1.326775E+01
 2429.000      1.326886E+01
 2430.000      1.326999E+01
 2431.000      1.327113E+01
 2432.000      1.327224E+01
 2433.000      1.327338E+01
 2434.000      1.327451E+01
 2435.000      1.327563E+01
 2436.000      1.327677E+01
 2437.000      1.327788E+01
 2438.000      1.327902E+01
 2439.000      1.328016E+01
 2440.000      1.328127E+01
 2441.000      1.328242E+01
 2442.000      1.328356E+01
 2443.000      1.328468E+01
 2444.000      1.328582E+01
 2445.000      1.328694E+01
 2446.000      1.328808E+01
 2447.000      1.328923E+01
 2448.000      1.329035E+01
 2449.000      1.329149E+01
 2450.000      1.329261E+01
 2451.000      1.329376E+01
 2452.000      1.329491E+01
 2453.000      1.329603E+01
 2454.000      1.329718E+01
 2455.000      1.329833E+01
 2456.000      1.329946E+01
 2457.000      1.330061E+01
 2458.000      1.330174E+01
 2459.000      1.330289E+01
 2460.000      1.330404E+01
 2461.000      1.330517E+01
 2462.000      1.330633E+01
 2463.000      1.330748E+01
 2464.000      1.330861E+01
 2465.000      1.330977E+01
 2466.000      1.331090E+01
 2467.000      1.331206E+01
 2468.000      1.331322E+01
 2469.000      1.331436E+01
 2470.000      1.331552E+01
 2471.000      1.331668E+01
 2472.000      1.331782E+01
 2473.000      1.331898E+01
 2474.000      1.332012E+01
 2475.000      1.332128E+01
 2476.000      1.332245E+01
 2477.000      1.332359E+01
 2478.000      1.332476E+01
 2479.000      1.332590E+01
 2480.000      1.332707E+01
 2481.000      1.332824E+01
 2482.000      1.332939E+01
 2483.000      1.333056E+01
 2484.000      1.333173E+01
 2485.000      1.333288E+01
 2486.000      1.333405E+01
 2487.000      1.333520E+01
 2488.000      1.333638E+01
 2489.000      1.333756E+01
 2490.000      1.333871E+01
 2491.000      1.333989E+01
 2492.000      1.334107E+01
 2493.000      1.334222E+01
 2494.000      1.334340E+01
 2495.000      1.334456E+01
 2496.000      1.334574E+01
 2497.000      1.334693E+01
 2498.000      1.334809E+01
 2499.000      1.334927E+01
 2500.000      1.335046E+01
 2501.000      1.335162E+01
 2502.000      1.335281E+01
 2503.000      1.335398E+01
 2504.000      1.335517E+01
 2505.000      1.335636E+01
 2506.000      1.335753E+01
 2507.000      1.335872E+01
 2508.000      1.335992E+01
 2509.000      1.336109E+01
 2510.000      1.336229E+01
 2511.000      1.336346E+01
 2512.000      1.336466E+01
 2513.000      1.336586E+01
 2514.000      1.336704E+01
 2515.000      1.336824E+01
 2516.000      1.336942E+01
 2517.000      1.337062E+01
 2518.000      1.337183E+01
 2519.000      1.337301E+01
 2520.000      1.337422E+01
 2521.000      1.337543E+01
 2522.000      1.337661E+01
 2523.000      1.337782E+01
 2524.000      1.337901E+01
 2525.000      1.338022E+01
 2526.000      1.338144E+01
 2527.000      1.338263E+01
 2528.000      1.338385E+01
 2529.000      1.338507E+01
 2530.000      1.338626E+01
 2531.000      1.338748E+01
 2532.000      1.338868E+01
 2533.000      1.338990E+01
 2534.000      1.339112E+01
 2535.000      1.339232E+01
 2536.000      1.339355E+01
 2537.000      1.339478E+01
 2538.000      1.339598E+01
 2539.000      1.339721E+01
 2540.000      1.339842E+01
 2541.000      1.339965E+01
 2542.000      1.340089E+01
 2543.000      1.340209E+01
 2544.000      1.340333E+01
 2545.000      1.340454E+01
 2546.000      1.340578E+01
 2547.000      1.340702E+01
 2548.000      1.340824E+01
 2549.000      1.340948E+01
 2550.000      1.341073E+01
 2551.000      1.341195E+01
 2552.000      1.341319E+01
 2553.000      1.341441E+01
 2554.000      1.341566E+01
 2555.000      1.341692E+01
 2556.000      1.341814E+01
 2557.000      1.341939E+01
 2558.000      1.342065E+01
 2559.000      1.342187E+01
 2560.000      1.342313E+01
 2561.000      1.342436E+01
 2562.000      1.342562E+01
 2563.000      1.342688E+01
 2564.000      1.342811E+01
 2565.000      1.342937E+01
 2566.000      1.343063E+01
 2567.000      1.343187E+01
 2568.000      1.343313E+01
 2569.000      1.343436E+01
 2570.000      1.343563E+01
 2571.000      1.343689E+01
 2572.000      1.343813E+01
 2573.000      1.343940E+01
 2574.000      1.344064E+01
 2575.000      1.344190E+01
 2576.000      1.344317E+01
 2577.000      1.344441E+01
 2578.000      1.344568E+01
 2579.000      1.344695E+01
 2580.000      1.344819E+01
 2581.000      1.344946E+01
 2582.000      1.345070E+01
 2583.000      1.345197E+01
 2584.000      1.345324E+01
 2585.000      1.345448E+01
 2586.000      1.345575E+01
 2587.000      1.345703E+01
 2588.000      1.345827E+01
 2589.000      1.345954E+01
 2590.000      1.346078E+01
 2591.000      1.346205E+01
 2592.000      1.346332E+01
 2593.000      1.346457E+01
 2594.000      1.346584E+01
 2595.000      1.346711E+01
 2596.000      1.346835E+01
 2597.000      1.346962E+01
 2598.000      1.347086E+01
 2599.000      1.347213E+01
 2600.000      1.347340E+01
 2601.000      1.347465E+01
 2602.000      1.347591E+01
 2603.000      1.347716E+01
 2604.000      1.347842E+01
 2605.000      1.347969E+01
 2606.000      1.348093E+01
 2607.000      1.348220E+01
 2608.000      1.348346E+01
 2609.000      1.348470E+01
 2610.000      1.348597E+01
 2611.000      1.348720E+01
 2612.000      1.348847E+01
 2613.000      1.348973E+01
 2614.000      1.349097E+01
 2615.000      1.349223E+01
 2616.000      1.349349E+01
 2617.000      1.349472E+01
 2618.000      1.349598E+01
 2619.000      1.349721E+01
 2620.000      1.349847E+01
 2621.000      1.349973E+01
 2622.000      1.350096E+01
 2623.000      1.350221E+01
 2624.000      1.350347E+01
 2625.000      1.350469E+01
 2626.000      1.350594E+01
 2627.000      1.350717E+01
 2628.000      1.350842E+01
 2629.000      1.350966E+01
 2630.000      1.351088E+01
 2631.000      1.351213E+01
 2632.000      1.351335E+01
 2633.000      1.351459E+01
 2634.000      1.351583E+01
 2635.000      1.351705E+01
 2636.000      1.351828E+01
 2637.000      1.351952E+01
 2638.000      1.352073E+01
 2639.000      1.352197E+01
 2640.000      1.352317E+01
 2641.000      1.352440E+01
 2642.000      1.352564E+01
 2643.000      1.352684E+01
 2644.000      1.352806E+01
 2645.000      1.352929E+01
 2646.000      1.353049E+01
 2647.000      1.353171E+01
 2648.000      1.353290E+01
 2649.000      1.353412E+01
 2650.000      1.353534E+01
 2651.000      1.353652E+01
 2652.000      1.353774E+01
 2653.000      1.353895E+01
 2654.000      1.354013E+01
 2655.000      1.354134E+01
 2656.000      1.354251E+01
 2657.000      1.354372E+01
 2658.000      1.354492E+01
 2659.000      1.354609E+01
 2660.000      1.354729E+01
 2661.000      1.354846E+01
 2662.000      1.354965E+01
 2663.000      1.355084E+01
 2664.000      1.355200E+01
 2665.000      1.355318E+01
 2666.000      1.355437E+01
 2667.000      1.355552E+01
 2668.000      1.355670E+01
 2669.000      1.355785E+01
 2670.000      1.355902E+01
 2671.000      1.356019E+01
 2672.000      1.356134E+01
 2673.000      1.356250E+01
 2674.000      1.356367E+01
 2675.000      1.356480E+01
 2676.000      1.356596E+01
 2677.000      1.356709E+01
 2678.000      1.356824E+01
 2679.000      1.356939E+01
 2680.000      1.357051E+01
 2681.000      1.357166E+01
 2682.000      1.357280E+01
 2683.000      1.357391E+01
 2684.000      1.357505E+01
 2685.000      1.357616E+01
 2686.000      1.357729E+01
 2687.000      1.357841E+01
 2688.000      1.357951E+01
 2689.000      1.358063E+01
 2690.000      1.358172E+01
 2691.000      1.358284E+01
 2692.000      1.358394E+01
 2693.000      1.358503E+01
 2694.000      1.358613E+01
 2695.000      1.358722E+01
 2696.000      1.358829E+01
 2697.000      1.358938E+01
 2698.000      1.359044E+01
 2699.000      1.359153E+01
 2700.000      1.359260E+01
 2701.000      1.359365E+01
 2702.000      1.359472E+01
 2703.000      1.359578E+01
 2704.000      1.359682E+01
 2705.000      1.359787E+01
 2706.000      1.359889E+01
 2707.000      1.359994E+01
 2708.000      1.360098E+01
 2709.000      1.360199E+01
 2710.000      1.360302E+01
 2711.000      1.360404E+01
 2712.000      1.360503E+01
 2713.000      1.360604E+01
 2714.000      1.360703E+01
 2715.000      1.360803E+01
 2716.000      1.360902E+01
 2717.000      1.360999E+01
 2718.000      1.361097E+01
 2719.000      1.361195E+01
 2720.000      1.361290E+01
 2721.000      1.361386E+01
 2722.000      1.361480E+01
 2723.000      1.361575E+01
 2724.000      1.361670E+01
 2725.000      1.361761E+01
 2726.000      1.361855E+01
 2727.000      1.361945E+01
 2728.000      1.362037E+01
 2729.000      1.362128E+01
 2730.000      1.362216E+01
 2731.000      1.362306E+01
 2732.000      1.362395E+01
 2733.000      1.362481E+01
 2734.000      1.362569E+01
 2735.000      1.362654E+01
 2736.000      1.362740E+01
 2737.000      1.362825E+01
 2738.000      1.362907E+01
 2739.000      1.362991E+01
 2740.000      1.363074E+01
 2741.000      1.363154E+01
 2742.000      1.363235E+01
 2743.000      1.363314E+01
 2744.000      1.363394E+01
 2745.000      1.363472E+01
 2746.000      1.363549E+01
 2747.000      1.363626E+01
 2748.000      1.363702E+01
 2749.000      1.363775E+01
 2750.000      1.363850E+01
 2751.000      1.363922E+01
 2752.000      1.363994E+01
 2753.000      1.364066E+01
 2754.000      1.364135E+01
 2755.000      1.364205E+01
 2756.000      1.364273E+01
 2757.000      1.364341E+01
 2758.000      1.364408E+01
 2759.000      1.364472E+01
 2760.000      1.364537E+01
 2761.000      1.364602E+01
 2762.000      1.364663E+01
 2763.000      1.364725E+01
 2764.000      1.364785E+01
 2765.000      1.364845E+01
 2766.000      1.364904E+01
 2767.000      1.364961E+01
 2768.000      1.365018E+01
 2769.000      1.365074E+01
 2770.000      1.365128E+01
 2771.000      1.365182E+01
 2772.000      1.365233E+01
 2773.000      1.365285E+01
 2774.000      1.365335E+01
 2775.000      1.365384E+01
 2776.000      1.365432E+01
 2777.000      1.365479E+01
 2778.000      1.365524E+01
 2779.000      1.365569E+01
 2780.000      1.365612E+01
 2781.000      1.365654E+01
 2782.000      1.365696E+01
 2783.000      1.365735E+01
 2784.000      1.365774E+01
 2785.000      1.365811E+01
 2786.000      1.365848E+01
 2787.000      1.365883E+01
 2788.000      1.365917E+01
 2789.000      1.365950E+01
 2790.000      1.365982E+01
 2791.000      1.366012E+01
 2792.000      1.366041E+01
 2793.000      1.366068E+01
 2794.000      1.366095E+01
 2795.000      1.366120E+01
 2796.000      1.366144E+01
 2797.000      1.366167E+01
 2798.000      1.366188E+01
 2799.000      1.366208E+01
 2800.000      1.366227E+01
 2801.000      1.366244E+01
 2802.000      1.366260E+01
 2803.000      1.366275E+01
 2804.000      1.366288E+01
 2805.000      1.366300E+01
 2806.000      1.366311E+01
 2807.000      1.366320E+01
 2808.000      1.366328E+01
 2809.000      1.366334E+01
 2810.000      1.366339E+01
 2811.000      1.366343E+01
 2812.000      1.366345E+01
 2813.000      1.366345E+01
 2814.000      1.366345E+01
 2815.000      1.366343E+01
 2816.000      1.366339E+01
 2817.000      1.366334E+01
 2818.000      1.366327E+01
 2819.000      1.366319E+01
 2820.000      1.366310E+01
 2821.000      1.366298E+01
 2822.000      1.366286E+01
 2823.000      1.366272E+01
 2824.000      1.366256E+01
 2825.000      1.366239E+01
 2826.000      1.366220E+01
 2827.000      1.366200E+01
 2828.000      1.366178E+01
 2829.000      1.366155E+01
 2830.000      1.366130E+01
 2831.000      1.366103E+01
 2832.000      1.366075E+01
 2833.000      1.366045E+01
 2834.000      1.366013E+01
 2835.000      1.365980E+01
 2836.000      1.365946E+01
 2837.000      1.365909E+01
 2838.000      1.365872E+01
 2839.000      1.365832E+01
 2840.000      1.365790E+01
 2841.000      1.365747E+01
 2842.000      1.365702E+01
 2843.000      1.365657E+01
 2844.000      1.365608E+01
 2845.000      1.365558E+01
 2846.000      1.365507E+01
 2847.000      1.365453E+01
 2848.000      1.365397E+01
 2849.000      1.365341E+01
 2850.000      1.365282E+01
 2851.000      1.365223E+01
 2852.000      1.365160E+01
 2853.000      1.365096E+01
 2854.000      1.365031E+01
 2855.000      1.364963E+01
 2856.000      1.364893E+01
 2857.000      1.364823E+01
 2858.000      1.364749E+01
 2859.000      1.364675E+01
 2860.000      1.364598E+01
 2861.000      1.364518E+01
 2862.000      1.364439E+01
 2863.000      1.364356E+01
 2864.000      1.364271E+01
 2865.000      1.364186E+01
 2866.000      1.364098E+01
 2867.000      1.364009E+01
 2868.000      1.363916E+01
 2869.000      1.363822E+01
 2870.000      1.363727E+01
 2871.000      1.363629E+01
 2872.000      1.363531E+01
 2873.000      1.363428E+01
 2874.000      1.363324E+01
 2875.000      1.363220E+01
 2876.000      1.363111E+01
 2877.000      1.363001E+01
 2878.000      1.362891E+01
 2879.000      1.362776E+01
 2880.000      1.362662E+01
 2881.000      1.362544E+01
 2882.000      1.362423E+01
 2883.000      1.362303E+01
 2884.000      1.362178E+01
 2885.000      1.362051E+01
 2886.000      1.361925E+01
 2887.000      1.361794E+01
 2888.000      1.361663E+01
 2889.000      1.361528E+01
 2890.000      1.361390E+01
 2891.000      1.361254E+01
