#ndep: 2892
#lat lon: -28 140
#depth (km)     Rho (g/cm^3)
    0.000      2.110981E+00
    1.000      2.381036E+00
    2.000      2.568475E+00
    3.000      2.689938E+00
    4.000      2.760485E+00
    5.000      2.793597E+00
    6.000      2.801173E+00
    7.000      2.793533E+00
    8.000      2.779417E+00
    9.000      2.765986E+00
   10.000      2.758817E+00
   11.000      2.761913E+00
   12.000      2.777690E+00
   13.000      2.806990E+00
   14.000      2.849069E+00
   15.000      2.901607E+00
   16.000      2.867618E+00
   17.000      2.866564E+00
   18.000      2.886781E+00
   19.000      2.920689E+00
   20.000      2.961779E+00
   21.000      3.004612E+00
   22.000      3.044817E+00
   23.000      3.079097E+00
   24.000      3.105222E+00
   25.000      3.122033E+00
   26.000      3.129441E+00
   27.000      3.128427E+00
   28.000      3.121041E+00
   29.000      3.110406E+00
   30.000      3.100712E+00
   31.000      3.097221E+00
   32.000      3.106263E+00
   33.000      3.135241E+00
   34.000      3.192625E+00
   35.000      3.287957E+00
   36.000      3.294876E+00
   37.000      3.295321E+00
   38.000      3.295768E+00
   39.000      3.296219E+00
   40.000      3.296673E+00
   41.000      3.297131E+00
   42.000      3.297593E+00
   43.000      3.298058E+00
   44.000      3.298527E+00
   45.000      3.299000E+00
   46.000      3.299478E+00
   47.000      3.299959E+00
   48.000      3.300446E+00
   49.000      3.300937E+00
   50.000      3.301432E+00
   51.000      3.301933E+00
   52.000      3.302438E+00
   53.000      3.302948E+00
   54.000      3.303464E+00
   55.000      3.303985E+00
   56.000      3.304512E+00
   57.000      3.305044E+00
   58.000      3.305581E+00
   59.000      3.306125E+00
   60.000      3.306674E+00
   61.000      3.307230E+00
   62.000      3.307792E+00
   63.000      3.308359E+00
   64.000      3.308934E+00
   65.000      3.309514E+00
   66.000      3.310102E+00
   67.000      3.310695E+00
   68.000      3.311296E+00
   69.000      3.311904E+00
   70.000      3.312518E+00
   71.000      3.313140E+00
   72.000      3.313768E+00
   73.000      3.314404E+00
   74.000      3.315047E+00
   75.000      3.315698E+00
   76.000      3.316356E+00
   77.000      3.317022E+00
   78.000      3.317695E+00
   79.000      3.318377E+00
   80.000      3.319066E+00
   81.000      3.319763E+00
   82.000      3.320468E+00
   83.000      3.321181E+00
   84.000      3.321902E+00
   85.000      3.322631E+00
   86.000      3.323369E+00
   87.000      3.324115E+00
   88.000      3.324862E+00
   89.000      3.325616E+00
   90.000      3.326375E+00
   91.000      3.327141E+00
   92.000      3.327912E+00
   93.000      3.328689E+00
   94.000      3.329472E+00
   95.000      3.330261E+00
   96.000      3.331055E+00
   97.000      3.331855E+00
   98.000      3.332660E+00
   99.000      3.333472E+00
  100.000      3.334286E+00
  101.000      3.335105E+00
  102.000      3.335930E+00
  103.000      3.336759E+00
  104.000      3.337593E+00
  105.000      3.338432E+00
  106.000      3.339275E+00
  107.000      3.340123E+00
  108.000      3.340975E+00
  109.000      3.341831E+00
  110.000      3.342691E+00
  111.000      3.343556E+00
  112.000      3.344425E+00
  113.000      3.345297E+00
  114.000      3.346173E+00
  115.000      3.347052E+00
  116.000      3.347934E+00
  117.000      3.348818E+00
  118.000      3.349704E+00
  119.000      3.350590E+00
  120.000      3.351493E+00
  121.000      3.352384E+00
  122.000      3.353278E+00
  123.000      3.354175E+00
  124.000      3.355074E+00
  125.000      3.355976E+00
  126.000      3.356880E+00
  127.000      3.357786E+00
  128.000      3.358693E+00
  129.000      3.359603E+00
  130.000      3.360514E+00
  131.000      3.361426E+00
  132.000      3.362339E+00
  133.000      3.363253E+00
  134.000      3.364168E+00
  135.000      3.365084E+00
  136.000      3.366000E+00
  137.000      3.366917E+00
  138.000      3.367834E+00
  139.000      3.368751E+00
  140.000      3.369668E+00
  141.000      3.370585E+00
  142.000      3.371502E+00
  143.000      3.372418E+00
  144.000      3.373334E+00
  145.000      3.374249E+00
  146.000      3.375164E+00
  147.000      3.376078E+00
  148.000      3.376991E+00
  149.000      3.377903E+00
  150.000      3.378814E+00
  151.000      3.379724E+00
  152.000      3.380632E+00
  153.000      3.381540E+00
  154.000      3.382446E+00
  155.000      3.383351E+00
  156.000      3.384254E+00
  157.000      3.385156E+00
  158.000      3.386056E+00
  159.000      3.386955E+00
  160.000      3.387852E+00
  161.000      3.388748E+00
  162.000      3.389641E+00
  163.000      3.390533E+00
  164.000      3.391424E+00
  165.000      3.392312E+00
  166.000      3.393199E+00
  167.000      3.394084E+00
  168.000      3.394967E+00
  169.000      3.395848E+00
  170.000      3.396728E+00
  171.000      3.397602E+00
  172.000      3.398475E+00
  173.000      3.399346E+00
  174.000      3.400215E+00
  175.000      3.401083E+00
  176.000      3.401948E+00
  177.000      3.402812E+00
  178.000      3.403673E+00
  179.000      3.404533E+00
  180.000      3.405390E+00
  181.000      3.406245E+00
  182.000      3.407097E+00
  183.000      3.407947E+00
  184.000      3.408795E+00
  185.000      3.409640E+00
  186.000      3.410482E+00
  187.000      3.411322E+00
  188.000      3.412159E+00
  189.000      3.412993E+00
  190.000      3.413825E+00
  191.000      3.414653E+00
  192.000      3.415479E+00
  193.000      3.416302E+00
  194.000      3.417121E+00
  195.000      3.417938E+00
  196.000      3.418752E+00
  197.000      3.419563E+00
  198.000      3.420370E+00
  199.000      3.421175E+00
  200.000      3.421976E+00
  201.000      3.422774E+00
  202.000      3.423569E+00
  203.000      3.424361E+00
  204.000      3.425150E+00
  205.000      3.425935E+00
  206.000      3.426718E+00
  207.000      3.427497E+00
  208.000      3.428273E+00
  209.000      3.429045E+00
  210.000      3.429815E+00
  211.000      3.430582E+00
  212.000      3.431345E+00
  213.000      3.432105E+00
  214.000      3.432862E+00
  215.000      3.433616E+00
  216.000      3.434367E+00
  217.000      3.435115E+00
  218.000      3.435860E+00
  219.000      3.436602E+00
  220.000      3.437341E+00
  221.000      3.438092E+00
  222.000      3.438819E+00
  223.000      3.439541E+00
  224.000      3.440259E+00
  225.000      3.440973E+00
  226.000      3.441683E+00
  227.000      3.442390E+00
  228.000      3.443092E+00
  229.000      3.443791E+00
  230.000      3.444487E+00
  231.000      3.445178E+00
  232.000      3.445866E+00
  233.000      3.446551E+00
  234.000      3.447232E+00
  235.000      3.447910E+00
  236.000      3.448584E+00
  237.000      3.449256E+00
  238.000      3.449924E+00
  239.000      3.450589E+00
  240.000      3.451251E+00
  241.000      3.451910E+00
  242.000      3.452566E+00
  243.000      3.453219E+00
  244.000      3.453869E+00
  245.000      3.454517E+00
  246.000      3.455162E+00
  247.000      3.455805E+00
  248.000      3.456445E+00
  249.000      3.457082E+00
  250.000      3.457717E+00
  251.000      3.458350E+00
  252.000      3.458980E+00
  253.000      3.459608E+00
  254.000      3.460234E+00
  255.000      3.460858E+00
  256.000      3.461479E+00
  257.000      3.462099E+00
  258.000      3.462717E+00
  259.000      3.463333E+00
  260.000      3.463947E+00
  261.000      3.464559E+00
  262.000      3.465170E+00
  263.000      3.465779E+00
  264.000      3.466386E+00
  265.000      3.466992E+00
  266.000      3.467596E+00
  267.000      3.468199E+00
  268.000      3.468801E+00
  269.000      3.469401E+00
  270.000      3.470000E+00
  271.000      3.470598E+00
  272.000      3.471194E+00
  273.000      3.471790E+00
  274.000      3.472385E+00
  275.000      3.472978E+00
  276.000      3.473571E+00
  277.000      3.474163E+00
  278.000      3.474754E+00
  279.000      3.475345E+00
  280.000      3.475934E+00
  281.000      3.476524E+00
  282.000      3.477112E+00
  283.000      3.477700E+00
  284.000      3.478288E+00
  285.000      3.478875E+00
  286.000      3.479462E+00
  287.000      3.480049E+00
  288.000      3.480635E+00
  289.000      3.481221E+00
  290.000      3.481807E+00
  291.000      3.482393E+00
  292.000      3.482980E+00
  293.000      3.483566E+00
  294.000      3.484152E+00
  295.000      3.484738E+00
  296.000      3.485325E+00
  297.000      3.485912E+00
  298.000      3.486499E+00
  299.000      3.487086E+00
  300.000      3.487674E+00
  301.000      3.488263E+00
  302.000      3.488852E+00
  303.000      3.489441E+00
  304.000      3.490031E+00
  305.000      3.490622E+00
  306.000      3.491214E+00
  307.000      3.491806E+00
  308.000      3.492399E+00
  309.000      3.492993E+00
  310.000      3.493589E+00
  311.000      3.494185E+00
  312.000      3.494782E+00
  313.000      3.495380E+00
  314.000      3.495979E+00
  315.000      3.496580E+00
  316.000      3.497181E+00
  317.000      3.497782E+00
  318.000      3.498383E+00
  319.000      3.498985E+00
  320.000      3.499587E+00
  321.000      3.500190E+00
  322.000      3.500793E+00
  323.000      3.501396E+00
  324.000      3.502000E+00
  325.000      3.502604E+00
  326.000      3.503208E+00
  327.000      3.503813E+00
  328.000      3.504419E+00
  329.000      3.505024E+00
  330.000      3.505630E+00
  331.000      3.506237E+00
  332.000      3.506843E+00
  333.000      3.507451E+00
  334.000      3.508058E+00
  335.000      3.508666E+00
  336.000      3.509274E+00
  337.000      3.509883E+00
  338.000      3.510492E+00
  339.000      3.511101E+00
  340.000      3.511711E+00
  341.000      3.512321E+00
  342.000      3.512932E+00
  343.000      3.513542E+00
  344.000      3.514154E+00
  345.000      3.514765E+00
  346.000      3.515377E+00
  347.000      3.515989E+00
  348.000      3.516601E+00
  349.000      3.517214E+00
  350.000      3.517827E+00
  351.000      3.518441E+00
  352.000      3.519054E+00
  353.000      3.519668E+00
  354.000      3.520282E+00
  355.000      3.520897E+00
  356.000      3.521512E+00
  357.000      3.522127E+00
  358.000      3.522742E+00
  359.000      3.523358E+00
  360.000      3.523974E+00
  361.000      3.524590E+00
  362.000      3.525207E+00
  363.000      3.525823E+00
  364.000      3.526440E+00
  365.000      3.527057E+00
  366.000      3.527675E+00
  367.000      3.528292E+00
  368.000      3.528910E+00
  369.000      3.529528E+00
  370.000      3.530146E+00
  371.000      3.530764E+00
  372.000      3.531383E+00
  373.000      3.532001E+00
  374.000      3.532620E+00
  375.000      3.533239E+00
  376.000      3.533858E+00
  377.000      3.534477E+00
  378.000      3.535097E+00
  379.000      3.535716E+00
  380.000      3.536336E+00
  381.000      3.536955E+00
  382.000      3.537575E+00
  383.000      3.538195E+00
  384.000      3.538814E+00
  385.000      3.539434E+00
  386.000      3.540054E+00
  387.000      3.540674E+00
  388.000      3.541294E+00
  389.000      3.541914E+00
  390.000      3.542534E+00
  391.000      3.543153E+00
  392.000      3.543773E+00
  393.000      3.544393E+00
  394.000      3.545013E+00
  395.000      3.545633E+00
  396.000      3.546252E+00
  397.000      3.546872E+00
  398.000      3.547491E+00
  399.000      3.548110E+00
  400.000      3.548729E+00
  401.000      3.549348E+00
  402.000      3.549967E+00
  403.000      3.550586E+00
  404.000      3.551205E+00
  405.000      3.551823E+00
  406.000      3.552441E+00
  407.000      3.553059E+00
  408.000      3.553676E+00
  409.000      3.554294E+00
  410.000      3.742360E+00
  411.000      3.743639E+00
  412.000      3.744918E+00
  413.000      3.746198E+00
  414.000      3.747477E+00
  415.000      3.748756E+00
  416.000      3.750035E+00
  417.000      3.751314E+00
  418.000      3.752593E+00
  419.000      3.753872E+00
  420.000      3.755151E+00
  421.000      3.756430E+00
  422.000      3.757709E+00
  423.000      3.758988E+00
  424.000      3.760266E+00
  425.000      3.761545E+00
  426.000      3.762824E+00
  427.000      3.764102E+00
  428.000      3.765381E+00
  429.000      3.766659E+00
  430.000      3.767938E+00
  431.000      3.769216E+00
  432.000      3.770494E+00
  433.000      3.771772E+00
  434.000      3.773050E+00
  435.000      3.774328E+00
  436.000      3.775606E+00
  437.000      3.776884E+00
  438.000      3.778161E+00
  439.000      3.779439E+00
  440.000      3.780716E+00
  441.000      3.781993E+00
  442.000      3.783270E+00
  443.000      3.784547E+00
  444.000      3.785824E+00
  445.000      3.787101E+00
  446.000      3.788378E+00
  447.000      3.789654E+00
  448.000      3.790931E+00
  449.000      3.792207E+00
  450.000      3.793483E+00
  451.000      3.794759E+00
  452.000      3.796035E+00
  453.000      3.797311E+00
  454.000      3.798586E+00
  455.000      3.799862E+00
  456.000      3.801137E+00
  457.000      3.802412E+00
  458.000      3.803687E+00
  459.000      3.804962E+00
  460.000      3.806237E+00
  461.000      3.807512E+00
  462.000      3.808786E+00
  463.000      3.810060E+00
  464.000      3.811334E+00
  465.000      3.812608E+00
  466.000      3.813882E+00
  467.000      3.815156E+00
  468.000      3.816430E+00
  469.000      3.817703E+00
  470.000      3.818976E+00
  471.000      3.820249E+00
  472.000      3.821522E+00
  473.000      3.822795E+00
  474.000      3.824068E+00
  475.000      3.825341E+00
  476.000      3.826613E+00
  477.000      3.827885E+00
  478.000      3.829157E+00
  479.000      3.830429E+00
  480.000      3.831701E+00
  481.000      3.832973E+00
  482.000      3.834245E+00
  483.000      3.835516E+00
  484.000      3.836787E+00
  485.000      3.838059E+00
  486.000      3.839330E+00
  487.000      3.840601E+00
  488.000      3.841872E+00
  489.000      3.843142E+00
  490.000      3.844413E+00
  491.000      3.845683E+00
  492.000      3.846954E+00
  493.000      3.848224E+00
  494.000      3.849494E+00
  495.000      3.850764E+00
  496.000      3.852034E+00
  497.000      3.853304E+00
  498.000      3.854574E+00
  499.000      3.855843E+00
  500.000      3.857113E+00
  501.000      3.858382E+00
  502.000      3.859652E+00
  503.000      3.860921E+00
  504.000      3.862190E+00
  505.000      3.863460E+00
  506.000      3.864728E+00
  507.000      3.865997E+00
  508.000      3.867266E+00
  509.000      3.868534E+00
  510.000      3.869803E+00
  511.000      3.871072E+00
  512.000      3.872340E+00
  513.000      3.873609E+00
  514.000      3.874878E+00
  515.000      3.876146E+00
  516.000      3.877415E+00
  517.000      3.878683E+00
  518.000      3.879951E+00
  519.000      3.881220E+00
  520.000      3.882488E+00
  521.000      3.883756E+00
  522.000      3.885025E+00
  523.000      3.886293E+00
  524.000      3.887561E+00
  525.000      3.888829E+00
  526.000      3.890097E+00
  527.000      3.891365E+00
  528.000      3.892633E+00
  529.000      3.893901E+00
  530.000      3.895169E+00
  531.000      3.896436E+00
  532.000      3.897704E+00
  533.000      3.898972E+00
  534.000      3.900239E+00
  535.000      3.901507E+00
  536.000      3.902774E+00
  537.000      3.904042E+00
  538.000      3.905309E+00
  539.000      3.906577E+00
  540.000      3.907844E+00
  541.000      3.909111E+00
  542.000      3.910378E+00
  543.000      3.911645E+00
  544.000      3.912912E+00
  545.000      3.914179E+00
  546.000      3.915446E+00
  547.000      3.916713E+00
  548.000      3.917980E+00
  549.000      3.919247E+00
  550.000      3.920513E+00
  551.000      3.921780E+00
  552.000      3.923047E+00
  553.000      3.924313E+00
  554.000      3.925580E+00
  555.000      3.926846E+00
  556.000      3.928112E+00
  557.000      3.929379E+00
  558.000      3.930645E+00
  559.000      3.931911E+00
  560.000      3.933177E+00
  561.000      3.934443E+00
  562.000      3.935710E+00
  563.000      3.936976E+00
  564.000      3.938242E+00
  565.000      3.939507E+00
  566.000      3.940773E+00
  567.000      3.942039E+00
  568.000      3.943305E+00
  569.000      3.944571E+00
  570.000      3.945837E+00
  571.000      3.947102E+00
  572.000      3.948368E+00
  573.000      3.949634E+00
  574.000      3.950899E+00
  575.000      3.952165E+00
  576.000      3.953430E+00
  577.000      3.954696E+00
  578.000      3.955961E+00
  579.000      3.957227E+00
  580.000      3.958492E+00
  581.000      3.959758E+00
  582.000      3.961023E+00
  583.000      3.962289E+00
  584.000      3.963554E+00
  585.000      3.964819E+00
  586.000      3.966085E+00
  587.000      3.967350E+00
  588.000      3.968616E+00
  589.000      3.969881E+00
  590.000      3.971147E+00
  591.000      3.972412E+00
  592.000      3.973677E+00
  593.000      3.974943E+00
  594.000      3.976208E+00
  595.000      3.977474E+00
  596.000      3.978739E+00
  597.000      3.980005E+00
  598.000      3.981270E+00
  599.000      3.982536E+00
  600.000      3.983819E+00
  601.000      3.985081E+00
  602.000      3.986343E+00
  603.000      3.987605E+00
  604.000      3.988868E+00
  605.000      3.990131E+00
  606.000      3.991394E+00
  607.000      3.992658E+00
  608.000      3.993922E+00
  609.000      3.995186E+00
  610.000      3.996450E+00
  611.000      3.997714E+00
  612.000      3.998979E+00
  613.000      4.000244E+00
  614.000      4.001508E+00
  615.000      4.002773E+00
  616.000      4.004038E+00
  617.000      4.005303E+00
  618.000      4.006568E+00
  619.000      4.007832E+00
  620.000      4.009097E+00
  621.000      4.010362E+00
  622.000      4.011627E+00
  623.000      4.012891E+00
  624.000      4.014156E+00
  625.000      4.015420E+00
  626.000      4.016684E+00
  627.000      4.017949E+00
  628.000      4.019213E+00
  629.000      4.020477E+00
  630.000      4.021741E+00
  631.000      4.023005E+00
  632.000      4.024268E+00
  633.000      4.025532E+00
  634.000      4.026796E+00
  635.000      4.028059E+00
  636.000      4.029322E+00
  637.000      4.030586E+00
  638.000      4.031849E+00
  639.000      4.033112E+00
  640.000      4.034376E+00
  641.000      4.035639E+00
  642.000      4.036902E+00
  643.000      4.038165E+00
  644.000      4.039429E+00
  645.000      4.040692E+00
  646.000      4.041956E+00
  647.000      4.043219E+00
  648.000      4.044483E+00
  649.000      4.045747E+00
  650.000      4.047011E+00
  651.000      4.340037E+00
  652.000      4.340822E+00
  653.000      4.341606E+00
  654.000      4.342390E+00
  655.000      4.343173E+00
  656.000      4.343956E+00
  657.000      4.344738E+00
  658.000      4.345520E+00
  659.000      4.346301E+00
  660.000      4.347082E+00
  661.000      4.347862E+00
  662.000      4.348641E+00
  663.000      4.349419E+00
  664.000      4.350197E+00
  665.000      4.350974E+00
  666.000      4.351750E+00
  667.000      4.352526E+00
  668.000      4.353300E+00
  669.000      4.354074E+00
  670.000      4.354847E+00
  671.000      4.355619E+00
  672.000      4.356391E+00
  673.000      4.357161E+00
  674.000      4.357931E+00
  675.000      4.358699E+00
  676.000      4.359467E+00
  677.000      4.360234E+00
  678.000      4.361000E+00
  679.000      4.361765E+00
  680.000      4.362529E+00
  681.000      4.363292E+00
  682.000      4.364054E+00
  683.000      4.364816E+00
  684.000      4.365576E+00
  685.000      4.366335E+00
  686.000      4.367094E+00
  687.000      4.367851E+00
  688.000      4.368608E+00
  689.000      4.369363E+00
  690.000      4.370118E+00
  691.000      4.370872E+00
  692.000      4.371625E+00
  693.000      4.372376E+00
  694.000      4.373127E+00
  695.000      4.373878E+00
  696.000      4.374627E+00
  697.000      4.375375E+00
  698.000      4.376123E+00
  699.000      4.376869E+00
  700.000      4.377615E+00
  701.000      4.378360E+00
  702.000      4.379104E+00
  703.000      4.379848E+00
  704.000      4.380590E+00
  705.000      4.381332E+00
  706.000      4.382073E+00
  707.000      4.382814E+00
  708.000      4.383553E+00
  709.000      4.384292E+00
  710.000      4.385031E+00
  711.000      4.385769E+00
  712.000      4.386506E+00
  713.000      4.387242E+00
  714.000      4.387977E+00
  715.000      4.388711E+00
  716.000      4.389444E+00
  717.000      4.390176E+00
  718.000      4.390906E+00
  719.000      4.391636E+00
  720.000      4.392365E+00
  721.000      4.393093E+00
  722.000      4.393820E+00
  723.000      4.394546E+00
  724.000      4.395271E+00
  725.000      4.395995E+00
  726.000      4.396718E+00
  727.000      4.397441E+00
  728.000      4.398163E+00
  729.000      4.398883E+00
  730.000      4.399604E+00
  731.000      4.400323E+00
  732.000      4.401042E+00
  733.000      4.401759E+00
  734.000      4.402477E+00
  735.000      4.403193E+00
  736.000      4.403909E+00
  737.000      4.404624E+00
  738.000      4.405338E+00
  739.000      4.406052E+00
  740.000      4.406765E+00
  741.000      4.407478E+00
  742.000      4.408190E+00
  743.000      4.408901E+00
  744.000      4.409612E+00
  745.000      4.410322E+00
  746.000      4.411031E+00
  747.000      4.411740E+00
  748.000      4.412449E+00
  749.000      4.413157E+00
  750.000      4.413864E+00
  751.000      4.414571E+00
  752.000      4.415277E+00
  753.000      4.415982E+00
  754.000      4.416687E+00
  755.000      4.417392E+00
  756.000      4.418096E+00
  757.000      4.418799E+00
  758.000      4.419502E+00
  759.000      4.420205E+00
  760.000      4.420906E+00
  761.000      4.421608E+00
  762.000      4.422308E+00
  763.000      4.423009E+00
  764.000      4.423708E+00
  765.000      4.424408E+00
  766.000      4.425106E+00
  767.000      4.425804E+00
  768.000      4.426502E+00
  769.000      4.427199E+00
  770.000      4.427895E+00
  771.000      4.428591E+00
  772.000      4.429301E+00
  773.000      4.429992E+00
  774.000      4.430682E+00
  775.000      4.431372E+00
  776.000      4.432061E+00
  777.000      4.432750E+00
  778.000      4.433439E+00
  779.000      4.434127E+00
  780.000      4.434814E+00
  781.000      4.435501E+00
  782.000      4.436188E+00
  783.000      4.436874E+00
  784.000      4.437560E+00
  785.000      4.438245E+00
  786.000      4.438930E+00
  787.000      4.439615E+00
  788.000      4.440299E+00
  789.000      4.440982E+00
  790.000      4.441665E+00
  791.000      4.442348E+00
  792.000      4.443030E+00
  793.000      4.443712E+00
  794.000      4.444394E+00
  795.000      4.445075E+00
  796.000      4.445755E+00
  797.000      4.446435E+00
  798.000      4.447115E+00
  799.000      4.447794E+00
  800.000      4.448473E+00
  801.000      4.449152E+00
  802.000      4.449830E+00
  803.000      4.450508E+00
  804.000      4.451185E+00
  805.000      4.451862E+00
  806.000      4.452538E+00
  807.000      4.453214E+00
  808.000      4.453890E+00
  809.000      4.454565E+00
  810.000      4.455240E+00
  811.000      4.455914E+00
  812.000      4.456588E+00
  813.000      4.457262E+00
  814.000      4.457935E+00
  815.000      4.458608E+00
  816.000      4.459280E+00
  817.000      4.459952E+00
  818.000      4.460624E+00
  819.000      4.461295E+00
  820.000      4.461966E+00
  821.000      4.462636E+00
  822.000      4.463306E+00
  823.000      4.463976E+00
  824.000      4.464645E+00
  825.000      4.465314E+00
  826.000      4.465982E+00
  827.000      4.466650E+00
  828.000      4.467318E+00
  829.000      4.467986E+00
  830.000      4.468653E+00
  831.000      4.469319E+00
  832.000      4.469985E+00
  833.000      4.470651E+00
  834.000      4.471317E+00
  835.000      4.471982E+00
  836.000      4.472646E+00
  837.000      4.473311E+00
  838.000      4.473975E+00
  839.000      4.474638E+00
  840.000      4.475301E+00
  841.000      4.475964E+00
  842.000      4.476627E+00
  843.000      4.477289E+00
  844.000      4.477951E+00
  845.000      4.478612E+00
  846.000      4.479273E+00
  847.000      4.479934E+00
  848.000      4.480594E+00
  849.000      4.481254E+00
  850.000      4.481914E+00
  851.000      4.482573E+00
  852.000      4.483232E+00
  853.000      4.483890E+00
  854.000      4.484548E+00
  855.000      4.485206E+00
  856.000      4.485864E+00
  857.000      4.486521E+00
  858.000      4.487177E+00
  859.000      4.487834E+00
  860.000      4.488490E+00
  861.000      4.489146E+00
  862.000      4.489801E+00
  863.000      4.490456E+00
  864.000      4.491110E+00
  865.000      4.491765E+00
  866.000      4.492419E+00
  867.000      4.493072E+00
  868.000      4.493726E+00
  869.000      4.494378E+00
  870.000      4.495031E+00
  871.000      4.495683E+00
  872.000      4.496335E+00
  873.000      4.496987E+00
  874.000      4.497638E+00
  875.000      4.498289E+00
  876.000      4.498939E+00
  877.000      4.499589E+00
  878.000      4.500239E+00
  879.000      4.500889E+00
  880.000      4.501538E+00
  881.000      4.502187E+00
  882.000      4.502835E+00
  883.000      4.503483E+00
  884.000      4.504131E+00
  885.000      4.504778E+00
  886.000      4.505426E+00
  887.000      4.506072E+00
  888.000      4.506719E+00
  889.000      4.507365E+00
  890.000      4.508011E+00
  891.000      4.508656E+00
  892.000      4.509301E+00
  893.000      4.509946E+00
  894.000      4.510591E+00
  895.000      4.511235E+00
  896.000      4.511879E+00
  897.000      4.512522E+00
  898.000      4.513165E+00
  899.000      4.513808E+00
  900.000      4.514450E+00
  901.000      4.515093E+00
  902.000      4.515734E+00
  903.000      4.516376E+00
  904.000      4.517018E+00
  905.000      4.517659E+00
  906.000      4.518299E+00
  907.000      4.518940E+00
  908.000      4.519580E+00
  909.000      4.520219E+00
  910.000      4.520859E+00
  911.000      4.521497E+00
  912.000      4.522136E+00
  913.000      4.522774E+00
  914.000      4.523412E+00
  915.000      4.524050E+00
  916.000      4.524687E+00
  917.000      4.525324E+00
  918.000      4.525960E+00
  919.000      4.526597E+00
  920.000      4.527232E+00
  921.000      4.527868E+00
  922.000      4.528503E+00
  923.000      4.529138E+00
  924.000      4.529773E+00
  925.000      4.530407E+00
  926.000      4.531041E+00
  927.000      4.531674E+00
  928.000      4.532307E+00
  929.000      4.532940E+00
  930.000      4.533573E+00
  931.000      4.534205E+00
  932.000      4.534837E+00
  933.000      4.535469E+00
  934.000      4.536100E+00
  935.000      4.536731E+00
  936.000      4.537362E+00
  937.000      4.537992E+00
  938.000      4.538622E+00
  939.000      4.539252E+00
  940.000      4.539881E+00
  941.000      4.540510E+00
  942.000      4.541139E+00
  943.000      4.541767E+00
  944.000      4.542396E+00
  945.000      4.543023E+00
  946.000      4.543651E+00
  947.000      4.544278E+00
  948.000      4.544905E+00
  949.000      4.545532E+00
  950.000      4.546158E+00
  951.000      4.546784E+00
  952.000      4.547410E+00
  953.000      4.548035E+00
  954.000      4.548661E+00
  955.000      4.549285E+00
  956.000      4.549910E+00
  957.000      4.550534E+00
  958.000      4.551158E+00
  959.000      4.551782E+00
  960.000      4.552405E+00
  961.000      4.553028E+00
  962.000      4.553651E+00
  963.000      4.554274E+00
  964.000      4.554896E+00
  965.000      4.555518E+00
  966.000      4.556139E+00
  967.000      4.556761E+00
  968.000      4.557382E+00
  969.000      4.558003E+00
  970.000      4.558623E+00
  971.000      4.559243E+00
  972.000      4.559863E+00
  973.000      4.560483E+00
  974.000      4.561102E+00
  975.000      4.561721E+00
  976.000      4.562340E+00
  977.000      4.562959E+00
  978.000      4.563577E+00
  979.000      4.564195E+00
  980.000      4.564812E+00
  981.000      4.565430E+00
  982.000      4.566047E+00
  983.000      4.566664E+00
  984.000      4.567280E+00
  985.000      4.567896E+00
  986.000      4.568512E+00
  987.000      4.569128E+00
  988.000      4.569744E+00
  989.000      4.570359E+00
  990.000      4.570974E+00
  991.000      4.571588E+00
  992.000      4.572202E+00
  993.000      4.572817E+00
  994.000      4.573430E+00
  995.000      4.574044E+00
  996.000      4.574657E+00
  997.000      4.575270E+00
  998.000      4.575883E+00
  999.000      4.576495E+00
 1000.000      4.577107E+00
 1001.000      4.577719E+00
 1002.000      4.578330E+00
 1003.000      4.578942E+00
 1004.000      4.579553E+00
 1005.000      4.580164E+00
 1006.000      4.580774E+00
 1007.000      4.581384E+00
 1008.000      4.581994E+00
 1009.000      4.582604E+00
 1010.000      4.583213E+00
 1011.000      4.583822E+00
 1012.000      4.584431E+00
 1013.000      4.585040E+00
 1014.000      4.585648E+00
 1015.000      4.586256E+00
 1016.000      4.586864E+00
 1017.000      4.587471E+00
 1018.000      4.588078E+00
 1019.000      4.588685E+00
 1020.000      4.589292E+00
 1021.000      4.589898E+00
 1022.000      4.590504E+00
 1023.000      4.591110E+00
 1024.000      4.591715E+00
 1025.000      4.592321E+00
 1026.000      4.592926E+00
 1027.000      4.593530E+00
 1028.000      4.594135E+00
 1029.000      4.594739E+00
 1030.000      4.595343E+00
 1031.000      4.595946E+00
 1032.000      4.596550E+00
 1033.000      4.597153E+00
 1034.000      4.597755E+00
 1035.000      4.598358E+00
 1036.000      4.598961E+00
 1037.000      4.599563E+00
 1038.000      4.600165E+00
 1039.000      4.600767E+00
 1040.000      4.601368E+00
 1041.000      4.601969E+00
 1042.000      4.602570E+00
 1043.000      4.603171E+00
 1044.000      4.603771E+00
 1045.000      4.604371E+00
 1046.000      4.604971E+00
 1047.000      4.605570E+00
 1048.000      4.606170E+00
 1049.000      4.606769E+00
 1050.000      4.607367E+00
 1051.000      4.607966E+00
 1052.000      4.608564E+00
 1053.000      4.609162E+00
 1054.000      4.609760E+00
 1055.000      4.610357E+00
 1056.000      4.610954E+00
 1057.000      4.611551E+00
 1058.000      4.612148E+00
 1059.000      4.612744E+00
 1060.000      4.613341E+00
 1061.000      4.613936E+00
 1062.000      4.614532E+00
 1063.000      4.615128E+00
 1064.000      4.615723E+00
 1065.000      4.616318E+00
 1066.000      4.616912E+00
 1067.000      4.617507E+00
 1068.000      4.618101E+00
 1069.000      4.618695E+00
 1070.000      4.619289E+00
 1071.000      4.619882E+00
 1072.000      4.620476E+00
 1073.000      4.621069E+00
 1074.000      4.621661E+00
 1075.000      4.622254E+00
 1076.000      4.622846E+00
 1077.000      4.623438E+00
 1078.000      4.624030E+00
 1079.000      4.624622E+00
 1080.000      4.625213E+00
 1081.000      4.625805E+00
 1082.000      4.626396E+00
 1083.000      4.626986E+00
 1084.000      4.627577E+00
 1085.000      4.628167E+00
 1086.000      4.628757E+00
 1087.000      4.629347E+00
 1088.000      4.629937E+00
 1089.000      4.630526E+00
 1090.000      4.631115E+00
 1091.000      4.631704E+00
 1092.000      4.632293E+00
 1093.000      4.632881E+00
 1094.000      4.633470E+00
 1095.000      4.634058E+00
 1096.000      4.634645E+00
 1097.000      4.635233E+00
 1098.000      4.635821E+00
 1099.000      4.636408E+00
 1100.000      4.636995E+00
 1101.000      4.637582E+00
 1102.000      4.638168E+00
 1103.000      4.638754E+00
 1104.000      4.639341E+00
 1105.000      4.639926E+00
 1106.000      4.640512E+00
 1107.000      4.641098E+00
 1108.000      4.641683E+00
 1109.000      4.642268E+00
 1110.000      4.642853E+00
 1111.000      4.643438E+00
 1112.000      4.644022E+00
 1113.000      4.644606E+00
 1114.000      4.645190E+00
 1115.000      4.645774E+00
 1116.000      4.646358E+00
 1117.000      4.646941E+00
 1118.000      4.647524E+00
 1119.000      4.648107E+00
 1120.000      4.648690E+00
 1121.000      4.649273E+00
 1122.000      4.649855E+00
 1123.000      4.650437E+00
 1124.000      4.651019E+00
 1125.000      4.651601E+00
 1126.000      4.652182E+00
 1127.000      4.652764E+00
 1128.000      4.653345E+00
 1129.000      4.653926E+00
 1130.000      4.654506E+00
 1131.000      4.655087E+00
 1132.000      4.655667E+00
 1133.000      4.656247E+00
 1134.000      4.656827E+00
 1135.000      4.657407E+00
 1136.000      4.657986E+00
 1137.000      4.658565E+00
 1138.000      4.659144E+00
 1139.000      4.659723E+00
 1140.000      4.660302E+00
 1141.000      4.660880E+00
 1142.000      4.661458E+00
 1143.000      4.662036E+00
 1144.000      4.662614E+00
 1145.000      4.663192E+00
 1146.000      4.663769E+00
 1147.000      4.664346E+00
 1148.000      4.664923E+00
 1149.000      4.665500E+00
 1150.000      4.666076E+00
 1151.000      4.666652E+00
 1152.000      4.667228E+00
 1153.000      4.667804E+00
 1154.000      4.668380E+00
 1155.000      4.668955E+00
 1156.000      4.669531E+00
 1157.000      4.670106E+00
 1158.000      4.670680E+00
 1159.000      4.671255E+00
 1160.000      4.671829E+00
 1161.000      4.672404E+00
 1162.000      4.672977E+00
 1163.000      4.673551E+00
 1164.000      4.674125E+00
 1165.000      4.674698E+00
 1166.000      4.675271E+00
 1167.000      4.675845E+00
 1168.000      4.676418E+00
 1169.000      4.676991E+00
 1170.000      4.677564E+00
 1171.000      4.678136E+00
 1172.000      4.678709E+00
 1173.000      4.679281E+00
 1174.000      4.679853E+00
 1175.000      4.680425E+00
 1176.000      4.680996E+00
 1177.000      4.681568E+00
 1178.000      4.682139E+00
 1179.000      4.682710E+00
 1180.000      4.683281E+00
 1181.000      4.683852E+00
 1182.000      4.684423E+00
 1183.000      4.684993E+00
 1184.000      4.685564E+00
 1185.000      4.686134E+00
 1186.000      4.686704E+00
 1187.000      4.687273E+00
 1188.000      4.687843E+00
 1189.000      4.688412E+00
 1190.000      4.688981E+00
 1191.000      4.689550E+00
 1192.000      4.690119E+00
 1193.000      4.690688E+00
 1194.000      4.691257E+00
 1195.000      4.691825E+00
 1196.000      4.692393E+00
 1197.000      4.692961E+00
 1198.000      4.693529E+00
 1199.000      4.694097E+00
 1200.000      4.694664E+00
 1201.000      4.695232E+00
 1202.000      4.695799E+00
 1203.000      4.696366E+00
 1204.000      4.696933E+00
 1205.000      4.697500E+00
 1206.000      4.698066E+00
 1207.000      4.698633E+00
 1208.000      4.699199E+00
 1209.000      4.699765E+00
 1210.000      4.700331E+00
 1211.000      4.700897E+00
 1212.000      4.701462E+00
 1213.000      4.702028E+00
 1214.000      4.702593E+00
 1215.000      4.703158E+00
 1216.000      4.703723E+00
 1217.000      4.704288E+00
 1218.000      4.704853E+00
 1219.000      4.705417E+00
 1220.000      4.705982E+00
 1221.000      4.706546E+00
 1222.000      4.707110E+00
 1223.000      4.707674E+00
 1224.000      4.708238E+00
 1225.000      4.708801E+00
 1226.000      4.709365E+00
 1227.000      4.709928E+00
 1228.000      4.710491E+00
 1229.000      4.711054E+00
 1230.000      4.711617E+00
 1231.000      4.712180E+00
 1232.000      4.712743E+00
 1233.000      4.713305E+00
 1234.000      4.713868E+00
 1235.000      4.714430E+00
 1236.000      4.714992E+00
 1237.000      4.715554E+00
 1238.000      4.716115E+00
 1239.000      4.716677E+00
 1240.000      4.717239E+00
 1241.000      4.717800E+00
 1242.000      4.718361E+00
 1243.000      4.718922E+00
 1244.000      4.719483E+00
 1245.000      4.720044E+00
 1246.000      4.720605E+00
 1247.000      4.721165E+00
 1248.000      4.721726E+00
 1249.000      4.722286E+00
 1250.000      4.722846E+00
 1251.000      4.723406E+00
 1252.000      4.723966E+00
 1253.000      4.724526E+00
 1254.000      4.725086E+00
 1255.000      4.725645E+00
 1256.000      4.726204E+00
 1257.000      4.726764E+00
 1258.000      4.727323E+00
 1259.000      4.727882E+00
 1260.000      4.728441E+00
 1261.000      4.729000E+00
 1262.000      4.729558E+00
 1263.000      4.730117E+00
 1264.000      4.730675E+00
 1265.000      4.731233E+00
 1266.000      4.731792E+00
 1267.000      4.732350E+00
 1268.000      4.732908E+00
 1269.000      4.733465E+00
 1270.000      4.734023E+00
 1271.000      4.734581E+00
 1272.000      4.735138E+00
 1273.000      4.735696E+00
 1274.000      4.736253E+00
 1275.000      4.736810E+00
 1276.000      4.737367E+00
 1277.000      4.737924E+00
 1278.000      4.738481E+00
 1279.000      4.739037E+00
 1280.000      4.739594E+00
 1281.000      4.740150E+00
 1282.000      4.740707E+00
 1283.000      4.741263E+00
 1284.000      4.741819E+00
 1285.000      4.742375E+00
 1286.000      4.742931E+00
 1287.000      4.743487E+00
 1288.000      4.744043E+00
 1289.000      4.744598E+00
 1290.000      4.745154E+00
 1291.000      4.745709E+00
 1292.000      4.746265E+00
 1293.000      4.746820E+00
 1294.000      4.747375E+00
 1295.000      4.747930E+00
 1296.000      4.748485E+00
 1297.000      4.749040E+00
 1298.000      4.749594E+00
 1299.000      4.750148E+00
 1300.000      4.750703E+00
 1301.000      4.751257E+00
 1302.000      4.751811E+00
 1303.000      4.752365E+00
 1304.000      4.752919E+00
 1305.000      4.753473E+00
 1306.000      4.754026E+00
 1307.000      4.754580E+00
 1308.000      4.755133E+00
 1309.000      4.755687E+00
 1310.000      4.756240E+00
 1311.000      4.756794E+00
 1312.000      4.757347E+00
 1313.000      4.757900E+00
 1314.000      4.758453E+00
 1315.000      4.759006E+00
 1316.000      4.759559E+00
 1317.000      4.760112E+00
 1318.000      4.760664E+00
 1319.000      4.761217E+00
 1320.000      4.761770E+00
 1321.000      4.762322E+00
 1322.000      4.762874E+00
 1323.000      4.763427E+00
 1324.000      4.763979E+00
 1325.000      4.764531E+00
 1326.000      4.765083E+00
 1327.000      4.765635E+00
 1328.000      4.766187E+00
 1329.000      4.766739E+00
 1330.000      4.767290E+00
 1331.000      4.767842E+00
 1332.000      4.768394E+00
 1333.000      4.768945E+00
 1334.000      4.769496E+00
 1335.000      4.770048E+00
 1336.000      4.770599E+00
 1337.000      4.771150E+00
 1338.000      4.771701E+00
 1339.000      4.772252E+00
 1340.000      4.772803E+00
 1341.000      4.773354E+00
 1342.000      4.773904E+00
 1343.000      4.774455E+00
 1344.000      4.775005E+00
 1345.000      4.775556E+00
 1346.000      4.776106E+00
 1347.000      4.776656E+00
 1348.000      4.777206E+00
 1349.000      4.777756E+00
 1350.000      4.778306E+00
 1351.000      4.778856E+00
 1352.000      4.779406E+00
 1353.000      4.779956E+00
 1354.000      4.780506E+00
 1355.000      4.781055E+00
 1356.000      4.781605E+00
 1357.000      4.782154E+00
 1358.000      4.782703E+00
 1359.000      4.783252E+00
 1360.000      4.783802E+00
 1361.000      4.784351E+00
 1362.000      4.784899E+00
 1363.000      4.785448E+00
 1364.000      4.785997E+00
 1365.000      4.786546E+00
 1366.000      4.787094E+00
 1367.000      4.787643E+00
 1368.000      4.788191E+00
 1369.000      4.788740E+00
 1370.000      4.789288E+00
 1371.000      4.789836E+00
 1372.000      4.790384E+00
 1373.000      4.790932E+00
 1374.000      4.791480E+00
 1375.000      4.792028E+00
 1376.000      4.792575E+00
 1377.000      4.793123E+00
 1378.000      4.793671E+00
 1379.000      4.794218E+00
 1380.000      4.794765E+00
 1381.000      4.795313E+00
 1382.000      4.795860E+00
 1383.000      4.796407E+00
 1384.000      4.796954E+00
 1385.000      4.797501E+00
 1386.000      4.798048E+00
 1387.000      4.798594E+00
 1388.000      4.799141E+00
 1389.000      4.799688E+00
 1390.000      4.800234E+00
 1391.000      4.800781E+00
 1392.000      4.801327E+00
 1393.000      4.801873E+00
 1394.000      4.802419E+00
 1395.000      4.802965E+00
 1396.000      4.803511E+00
 1397.000      4.804057E+00
 1398.000      4.804603E+00
 1399.000      4.805148E+00
 1400.000      4.805694E+00
 1401.000      4.806239E+00
 1402.000      4.806785E+00
 1403.000      4.807330E+00
 1404.000      4.807875E+00
 1405.000      4.808421E+00
 1406.000      4.808966E+00
 1407.000      4.809511E+00
 1408.000      4.810055E+00
 1409.000      4.810600E+00
 1410.000      4.811145E+00
 1411.000      4.811690E+00
 1412.000      4.812234E+00
 1413.000      4.812778E+00
 1414.000      4.813323E+00
 1415.000      4.813867E+00
 1416.000      4.814411E+00
 1417.000      4.814955E+00
 1418.000      4.815499E+00
 1419.000      4.816043E+00
 1420.000      4.816587E+00
 1421.000      4.817131E+00
 1422.000      4.817674E+00
 1423.000      4.818218E+00
 1424.000      4.818761E+00
 1425.000      4.819305E+00
 1426.000      4.819848E+00
 1427.000      4.820391E+00
 1428.000      4.820934E+00
 1429.000      4.821478E+00
 1430.000      4.822021E+00
 1431.000      4.822564E+00
 1432.000      4.823107E+00
 1433.000      4.823650E+00
 1434.000      4.824193E+00
 1435.000      4.824736E+00
 1436.000      4.825278E+00
 1437.000      4.825821E+00
 1438.000      4.826364E+00
 1439.000      4.826906E+00
 1440.000      4.827448E+00
 1441.000      4.827991E+00
 1442.000      4.828533E+00
 1443.000      4.829075E+00
 1444.000      4.829617E+00
 1445.000      4.830159E+00
 1446.000      4.830700E+00
 1447.000      4.831242E+00
 1448.000      4.831784E+00
 1449.000      4.832325E+00
 1450.000      4.832867E+00
 1451.000      4.833408E+00
 1452.000      4.833950E+00
 1453.000      4.834491E+00
 1454.000      4.835032E+00
 1455.000      4.835573E+00
 1456.000      4.836114E+00
 1457.000      4.836655E+00
 1458.000      4.837196E+00
 1459.000      4.837736E+00
 1460.000      4.838277E+00
 1461.000      4.838818E+00
 1462.000      4.839358E+00
 1463.000      4.839899E+00
 1464.000      4.840439E+00
 1465.000      4.840979E+00
 1466.000      4.841520E+00
 1467.000      4.842060E+00
 1468.000      4.842600E+00
 1469.000      4.843140E+00
 1470.000      4.843680E+00
 1471.000      4.844220E+00
 1472.000      4.844759E+00
 1473.000      4.845299E+00
 1474.000      4.845839E+00
 1475.000      4.846378E+00
 1476.000      4.846918E+00
 1477.000      4.847457E+00
 1478.000      4.847996E+00
 1479.000      4.848536E+00
 1480.000      4.849075E+00
 1481.000      4.849614E+00
 1482.000      4.850153E+00
 1483.000      4.850692E+00
 1484.000      4.851231E+00
 1485.000      4.851770E+00
 1486.000      4.852308E+00
 1487.000      4.852847E+00
 1488.000      4.853386E+00
 1489.000      4.853924E+00
 1490.000      4.854463E+00
 1491.000      4.855001E+00
 1492.000      4.855539E+00
 1493.000      4.856078E+00
 1494.000      4.856616E+00
 1495.000      4.857154E+00
 1496.000      4.857692E+00
 1497.000      4.858230E+00
 1498.000      4.858768E+00
 1499.000      4.859306E+00
 1500.000      4.859843E+00
 1501.000      4.860381E+00
 1502.000      4.860919E+00
 1503.000      4.861456E+00
 1504.000      4.861994E+00
 1505.000      4.862531E+00
 1506.000      4.863068E+00
 1507.000      4.863606E+00
 1508.000      4.864143E+00
 1509.000      4.864680E+00
 1510.000      4.865217E+00
 1511.000      4.865754E+00
 1512.000      4.866291E+00
 1513.000      4.866828E+00
 1514.000      4.867364E+00
 1515.000      4.867901E+00
 1516.000      4.868437E+00
 1517.000      4.868974E+00
 1518.000      4.869510E+00
 1519.000      4.870047E+00
 1520.000      4.870583E+00
 1521.000      4.871119E+00
 1522.000      4.871655E+00
 1523.000      4.872191E+00
 1524.000      4.872727E+00
 1525.000      4.873263E+00
 1526.000      4.873799E+00
 1527.000      4.874335E+00
 1528.000      4.874870E+00
 1529.000      4.875406E+00
 1530.000      4.875941E+00
 1531.000      4.876477E+00
 1532.000      4.877012E+00
 1533.000      4.877547E+00
 1534.000      4.878082E+00
 1535.000      4.878617E+00
 1536.000      4.879152E+00
 1537.000      4.879687E+00
 1538.000      4.880222E+00
 1539.000      4.880756E+00
 1540.000      4.881291E+00
 1541.000      4.881825E+00
 1542.000      4.882360E+00
 1543.000      4.882894E+00
 1544.000      4.883428E+00
 1545.000      4.883963E+00
 1546.000      4.884497E+00
 1547.000      4.885030E+00
 1548.000      4.885564E+00
 1549.000      4.886098E+00
 1550.000      4.886632E+00
 1551.000      4.887165E+00
 1552.000      4.887699E+00
 1553.000      4.888232E+00
 1554.000      4.888765E+00
 1555.000      4.889298E+00
 1556.000      4.889832E+00
 1557.000      4.890364E+00
 1558.000      4.890897E+00
 1559.000      4.891430E+00
 1560.000      4.891963E+00
 1561.000      4.892497E+00
 1562.000      4.893030E+00
 1563.000      4.893563E+00
 1564.000      4.894096E+00
 1565.000      4.894629E+00
 1566.000      4.895162E+00
 1567.000      4.895694E+00
 1568.000      4.896227E+00
 1569.000      4.896760E+00
 1570.000      4.897292E+00
 1571.000      4.897825E+00
 1572.000      4.898357E+00
 1573.000      4.898889E+00
 1574.000      4.899422E+00
 1575.000      4.899954E+00
 1576.000      4.900486E+00
 1577.000      4.901018E+00
 1578.000      4.901550E+00
 1579.000      4.902082E+00
 1580.000      4.902614E+00
 1581.000      4.903146E+00
 1582.000      4.903677E+00
 1583.000      4.904209E+00
 1584.000      4.904740E+00
 1585.000      4.905272E+00
 1586.000      4.905803E+00
 1587.000      4.906335E+00
 1588.000      4.906866E+00
 1589.000      4.907397E+00
 1590.000      4.907928E+00
 1591.000      4.908459E+00
 1592.000      4.908990E+00
 1593.000      4.909521E+00
 1594.000      4.910052E+00
 1595.000      4.910583E+00
 1596.000      4.911113E+00
 1597.000      4.911644E+00
 1598.000      4.912175E+00
 1599.000      4.912705E+00
 1600.000      4.913236E+00
 1601.000      4.913766E+00
 1602.000      4.914296E+00
 1603.000      4.914826E+00
 1604.000      4.915357E+00
 1605.000      4.915887E+00
 1606.000      4.916417E+00
 1607.000      4.916947E+00
 1608.000      4.917476E+00
 1609.000      4.918006E+00
 1610.000      4.918536E+00
 1611.000      4.919066E+00
 1612.000      4.919595E+00
 1613.000      4.920125E+00
 1614.000      4.920654E+00
 1615.000      4.921184E+00
 1616.000      4.921713E+00
 1617.000      4.922242E+00
 1618.000      4.922772E+00
 1619.000      4.923301E+00
 1620.000      4.923830E+00
 1621.000      4.924359E+00
 1622.000      4.924888E+00
 1623.000      4.925417E+00
 1624.000      4.925945E+00
 1625.000      4.926474E+00
 1626.000      4.927003E+00
 1627.000      4.927531E+00
 1628.000      4.928060E+00
 1629.000      4.928588E+00
 1630.000      4.929117E+00
 1631.000      4.929645E+00
 1632.000      4.930173E+00
 1633.000      4.930702E+00
 1634.000      4.931230E+00
 1635.000      4.931758E+00
 1636.000      4.932286E+00
 1637.000      4.932814E+00
 1638.000      4.933342E+00
 1639.000      4.933870E+00
 1640.000      4.934397E+00
 1641.000      4.934925E+00
 1642.000      4.935453E+00
 1643.000      4.935980E+00
 1644.000      4.936508E+00
 1645.000      4.937035E+00
 1646.000      4.937563E+00
 1647.000      4.938090E+00
 1648.000      4.938617E+00
 1649.000      4.939144E+00
 1650.000      4.939672E+00
 1651.000      4.940199E+00
 1652.000      4.940726E+00
 1653.000      4.941253E+00
 1654.000      4.941779E+00
 1655.000      4.942306E+00
 1656.000      4.942833E+00
 1657.000      4.943360E+00
 1658.000      4.943886E+00
 1659.000      4.944413E+00
 1660.000      4.944939E+00
 1661.000      4.945466E+00
 1662.000      4.945992E+00
 1663.000      4.946518E+00
 1664.000      4.947045E+00
 1665.000      4.947571E+00
 1666.000      4.948097E+00
 1667.000      4.948623E+00
 1668.000      4.949149E+00
 1669.000      4.949675E+00
 1670.000      4.950201E+00
 1671.000      4.950727E+00
 1672.000      4.951253E+00
 1673.000      4.951778E+00
 1674.000      4.952304E+00
 1675.000      4.952829E+00
 1676.000      4.953355E+00
 1677.000      4.953880E+00
 1678.000      4.954406E+00
 1679.000      4.954931E+00
 1680.000      4.955456E+00
 1681.000      4.955982E+00
 1682.000      4.956507E+00
 1683.000      4.957032E+00
 1684.000      4.957557E+00
 1685.000      4.958082E+00
 1686.000      4.958607E+00
 1687.000      4.959132E+00
 1688.000      4.959656E+00
 1689.000      4.960181E+00
 1690.000      4.960706E+00
 1691.000      4.961230E+00
 1692.000      4.961754E+00
 1693.000      4.962278E+00
 1694.000      4.962802E+00
 1695.000      4.963326E+00
 1696.000      4.963850E+00
 1697.000      4.964373E+00
 1698.000      4.964897E+00
 1699.000      4.965421E+00
 1700.000      4.965945E+00
 1701.000      4.966468E+00
 1702.000      4.966992E+00
 1703.000      4.967516E+00
 1704.000      4.968039E+00
 1705.000      4.968563E+00
 1706.000      4.969086E+00
 1707.000      4.969610E+00
 1708.000      4.970133E+00
 1709.000      4.970656E+00
 1710.000      4.971180E+00
 1711.000      4.971703E+00
 1712.000      4.972226E+00
 1713.000      4.972749E+00
 1714.000      4.973272E+00
 1715.000      4.973795E+00
 1716.000      4.974318E+00
 1717.000      4.974841E+00
 1718.000      4.975364E+00
 1719.000      4.975887E+00
 1720.000      4.976410E+00
 1721.000      4.976933E+00
 1722.000      4.977455E+00
 1723.000      4.977978E+00
 1724.000      4.978500E+00
 1725.000      4.979023E+00
 1726.000      4.979545E+00
 1727.000      4.980068E+00
 1728.000      4.980590E+00
 1729.000      4.981112E+00
 1730.000      4.981635E+00
 1731.000      4.982157E+00
 1732.000      4.982679E+00
 1733.000      4.983201E+00
 1734.000      4.983723E+00
 1735.000      4.984245E+00
 1736.000      4.984767E+00
 1737.000      4.985289E+00
 1738.000      4.985810E+00
 1739.000      4.986332E+00
 1740.000      4.986854E+00
 1741.000      4.987375E+00
 1742.000      4.987897E+00
 1743.000      4.988418E+00
 1744.000      4.988940E+00
 1745.000      4.989461E+00
 1746.000      4.989982E+00
 1747.000      4.990503E+00
 1748.000      4.991024E+00
 1749.000      4.991545E+00
 1750.000      4.992066E+00
 1751.000      4.992587E+00
 1752.000      4.993108E+00
 1753.000      4.993629E+00
 1754.000      4.994150E+00
 1755.000      4.994670E+00
 1756.000      4.995191E+00
 1757.000      4.995712E+00
 1758.000      4.996232E+00
 1759.000      4.996753E+00
 1760.000      4.997273E+00
 1761.000      4.997793E+00
 1762.000      4.998313E+00
 1763.000      4.998834E+00
 1764.000      4.999354E+00
 1765.000      4.999874E+00
 1766.000      5.000394E+00
 1767.000      5.000914E+00
 1768.000      5.001433E+00
 1769.000      5.001953E+00
 1770.000      5.002473E+00
 1771.000      5.002993E+00
 1772.000      5.003512E+00
 1773.000      5.004032E+00
 1774.000      5.004551E+00
 1775.000      5.005071E+00
 1776.000      5.005590E+00
 1777.000      5.006109E+00
 1778.000      5.006629E+00
 1779.000      5.007148E+00
 1780.000      5.007667E+00
 1781.000      5.008186E+00
 1782.000      5.008705E+00
 1783.000      5.009224E+00
 1784.000      5.009743E+00
 1785.000      5.010262E+00
 1786.000      5.010781E+00
 1787.000      5.011300E+00
 1788.000      5.011818E+00
 1789.000      5.012337E+00
 1790.000      5.012856E+00
 1791.000      5.013374E+00
 1792.000      5.013893E+00
 1793.000      5.014411E+00
 1794.000      5.014930E+00
 1795.000      5.015448E+00
 1796.000      5.015966E+00
 1797.000      5.016485E+00
 1798.000      5.017003E+00
 1799.000      5.017521E+00
 1800.000      5.018040E+00
 1801.000      5.018558E+00
 1802.000      5.019076E+00
 1803.000      5.019594E+00
 1804.000      5.020112E+00
 1805.000      5.020630E+00
 1806.000      5.021148E+00
 1807.000      5.021666E+00
 1808.000      5.022184E+00
 1809.000      5.022701E+00
 1810.000      5.023219E+00
 1811.000      5.023736E+00
 1812.000      5.024254E+00
 1813.000      5.024771E+00
 1814.000      5.025289E+00
 1815.000      5.025806E+00
 1816.000      5.026323E+00
 1817.000      5.026840E+00
 1818.000      5.027357E+00
 1819.000      5.027874E+00
 1820.000      5.028391E+00
 1821.000      5.028908E+00
 1822.000      5.029425E+00
 1823.000      5.029942E+00
 1824.000      5.030459E+00
 1825.000      5.030976E+00
 1826.000      5.031492E+00
 1827.000      5.032009E+00
 1828.000      5.032525E+00
 1829.000      5.033042E+00
 1830.000      5.033558E+00
 1831.000      5.034075E+00
 1832.000      5.034591E+00
 1833.000      5.035108E+00
 1834.000      5.035624E+00
 1835.000      5.036140E+00
 1836.000      5.036656E+00
 1837.000      5.037173E+00
 1838.000      5.037689E+00
 1839.000      5.038205E+00
 1840.000      5.038721E+00
 1841.000      5.039237E+00
 1842.000      5.039753E+00
 1843.000      5.040269E+00
 1844.000      5.040785E+00
 1845.000      5.041300E+00
 1846.000      5.041816E+00
 1847.000      5.042332E+00
 1848.000      5.042848E+00
 1849.000      5.043363E+00
 1850.000      5.043879E+00
 1851.000      5.044394E+00
 1852.000      5.044910E+00
 1853.000      5.045426E+00
 1854.000      5.045941E+00
 1855.000      5.046456E+00
 1856.000      5.046972E+00
 1857.000      5.047487E+00
 1858.000      5.048002E+00
 1859.000      5.048518E+00
 1860.000      5.049033E+00
 1861.000      5.049548E+00
 1862.000      5.050063E+00
 1863.000      5.050578E+00
 1864.000      5.051093E+00
 1865.000      5.051608E+00
 1866.000      5.052122E+00
 1867.000      5.052636E+00
 1868.000      5.053151E+00
 1869.000      5.053665E+00
 1870.000      5.054179E+00
 1871.000      5.054693E+00
 1872.000      5.055207E+00
 1873.000      5.055721E+00
 1874.000      5.056235E+00
 1875.000      5.056749E+00
 1876.000      5.057263E+00
 1877.000      5.057777E+00
 1878.000      5.058291E+00
 1879.000      5.058805E+00
 1880.000      5.059319E+00
 1881.000      5.059833E+00
 1882.000      5.060347E+00
 1883.000      5.060862E+00
 1884.000      5.061376E+00
 1885.000      5.061890E+00
 1886.000      5.062405E+00
 1887.000      5.062920E+00
 1888.000      5.063433E+00
 1889.000      5.063947E+00
 1890.000      5.064460E+00
 1891.000      5.064974E+00
 1892.000      5.065487E+00
 1893.000      5.066000E+00
 1894.000      5.066514E+00
 1895.000      5.067027E+00
 1896.000      5.067540E+00
 1897.000      5.068053E+00
 1898.000      5.068566E+00
 1899.000      5.069079E+00
 1900.000      5.069592E+00
 1901.000      5.070104E+00
 1902.000      5.070617E+00
 1903.000      5.071130E+00
 1904.000      5.071643E+00
 1905.000      5.072155E+00
 1906.000      5.072668E+00
 1907.000      5.073180E+00
 1908.000      5.073693E+00
 1909.000      5.074205E+00
 1910.000      5.074718E+00
 1911.000      5.075230E+00
 1912.000      5.075743E+00
 1913.000      5.076255E+00
 1914.000      5.076767E+00
 1915.000      5.077280E+00
 1916.000      5.077792E+00
 1917.000      5.078304E+00
 1918.000      5.078817E+00
 1919.000      5.079329E+00
 1920.000      5.079841E+00
 1921.000      5.080353E+00
 1922.000      5.080865E+00
 1923.000      5.081377E+00
 1924.000      5.081889E+00
 1925.000      5.082401E+00
 1926.000      5.082913E+00
 1927.000      5.083425E+00
 1928.000      5.083937E+00
 1929.000      5.084449E+00
 1930.000      5.084961E+00
 1931.000      5.085473E+00
 1932.000      5.085985E+00
 1933.000      5.086497E+00
 1934.000      5.087008E+00
 1935.000      5.087520E+00
 1936.000      5.088032E+00
 1937.000      5.088543E+00
 1938.000      5.089055E+00
 1939.000      5.089566E+00
 1940.000      5.090078E+00
 1941.000      5.090589E+00
 1942.000      5.091101E+00
 1943.000      5.091612E+00
 1944.000      5.092123E+00
 1945.000      5.092635E+00
 1946.000      5.093146E+00
 1947.000      5.093657E+00
 1948.000      5.094168E+00
 1949.000      5.094679E+00
 1950.000      5.095190E+00
 1951.000      5.095701E+00
 1952.000      5.096211E+00
 1953.000      5.096722E+00
 1954.000      5.097232E+00
 1955.000      5.097743E+00
 1956.000      5.098253E+00
 1957.000      5.098764E+00
 1958.000      5.099274E+00
 1959.000      5.099784E+00
 1960.000      5.100294E+00
 1961.000      5.100805E+00
 1962.000      5.101315E+00
 1963.000      5.101825E+00
 1964.000      5.102335E+00
 1965.000      5.102845E+00
 1966.000      5.103355E+00
 1967.000      5.103865E+00
 1968.000      5.104375E+00
 1969.000      5.104885E+00
 1970.000      5.105395E+00
 1971.000      5.105904E+00
 1972.000      5.106414E+00
 1973.000      5.106924E+00
 1974.000      5.107434E+00
 1975.000      5.107943E+00
 1976.000      5.108453E+00
 1977.000      5.108962E+00
 1978.000      5.109472E+00
 1979.000      5.109981E+00
 1980.000      5.110491E+00
 1981.000      5.111000E+00
 1982.000      5.111509E+00
 1983.000      5.112019E+00
 1984.000      5.112528E+00
 1985.000      5.113037E+00
 1986.000      5.113546E+00
 1987.000      5.114055E+00
 1988.000      5.114564E+00
 1989.000      5.115073E+00
 1990.000      5.115582E+00
 1991.000      5.116091E+00
 1992.000      5.116600E+00
 1993.000      5.117109E+00
 1994.000      5.117618E+00
 1995.000      5.118127E+00
 1996.000      5.118636E+00
 1997.000      5.119144E+00
 1998.000      5.119653E+00
 1999.000      5.120162E+00
 2000.000      5.120670E+00
 2001.000      5.121179E+00
 2002.000      5.121687E+00
 2003.000      5.122196E+00
 2004.000      5.122704E+00
 2005.000      5.123213E+00
 2006.000      5.123721E+00
 2007.000      5.124229E+00
 2008.000      5.124738E+00
 2009.000      5.125246E+00
 2010.000      5.125754E+00
 2011.000      5.126262E+00
 2012.000      5.126770E+00
 2013.000      5.127279E+00
 2014.000      5.127787E+00
 2015.000      5.128295E+00
 2016.000      5.128803E+00
 2017.000      5.129311E+00
 2018.000      5.129818E+00
 2019.000      5.130326E+00
 2020.000      5.130834E+00
 2021.000      5.131342E+00
 2022.000      5.131850E+00
 2023.000      5.132357E+00
 2024.000      5.132865E+00
 2025.000      5.133373E+00
 2026.000      5.133880E+00
 2027.000      5.134388E+00
 2028.000      5.134895E+00
 2029.000      5.135403E+00
 2030.000      5.135910E+00
 2031.000      5.136418E+00
 2032.000      5.136925E+00
 2033.000      5.137433E+00
 2034.000      5.137940E+00
 2035.000      5.138447E+00
 2036.000      5.138954E+00
 2037.000      5.139462E+00
 2038.000      5.139969E+00
 2039.000      5.140476E+00
 2040.000      5.140983E+00
 2041.000      5.141490E+00
 2042.000      5.141997E+00
 2043.000      5.142504E+00
 2044.000      5.143011E+00
 2045.000      5.143518E+00
 2046.000      5.144025E+00
 2047.000      5.144532E+00
 2048.000      5.145039E+00
 2049.000      5.145545E+00
 2050.000      5.146052E+00
 2051.000      5.146559E+00
 2052.000      5.147066E+00
 2053.000      5.147572E+00
 2054.000      5.148079E+00
 2055.000      5.148586E+00
 2056.000      5.149092E+00
 2057.000      5.149599E+00
 2058.000      5.150105E+00
 2059.000      5.150612E+00
 2060.000      5.151118E+00
 2061.000      5.151625E+00
 2062.000      5.152131E+00
 2063.000      5.152637E+00
 2064.000      5.153144E+00
 2065.000      5.153650E+00
 2066.000      5.154156E+00
 2067.000      5.154663E+00
 2068.000      5.155169E+00
 2069.000      5.155675E+00
 2070.000      5.156181E+00
 2071.000      5.156687E+00
 2072.000      5.157193E+00
 2073.000      5.157700E+00
 2074.000      5.158206E+00
 2075.000      5.158712E+00
 2076.000      5.159218E+00
 2077.000      5.159724E+00
 2078.000      5.160230E+00
 2079.000      5.160736E+00
 2080.000      5.161242E+00
 2081.000      5.161747E+00
 2082.000      5.162253E+00
 2083.000      5.162759E+00
 2084.000      5.163265E+00
 2085.000      5.163771E+00
 2086.000      5.164276E+00
 2087.000      5.164782E+00
 2088.000      5.165288E+00
 2089.000      5.165793E+00
 2090.000      5.166299E+00
 2091.000      5.166804E+00
 2092.000      5.167310E+00
 2093.000      5.167815E+00
 2094.000      5.168320E+00
 2095.000      5.168826E+00
 2096.000      5.169331E+00
 2097.000      5.169836E+00
 2098.000      5.170341E+00
 2099.000      5.170846E+00
 2100.000      5.171352E+00
 2101.000      5.171857E+00
 2102.000      5.172362E+00
 2103.000      5.172867E+00
 2104.000      5.173371E+00
 2105.000      5.173876E+00
 2106.000      5.174381E+00
 2107.000      5.174886E+00
 2108.000      5.175391E+00
 2109.000      5.175896E+00
 2110.000      5.176400E+00
 2111.000      5.176905E+00
 2112.000      5.177410E+00
 2113.000      5.177914E+00
 2114.000      5.178419E+00
 2115.000      5.178923E+00
 2116.000      5.179428E+00
 2117.000      5.179932E+00
 2118.000      5.180437E+00
 2119.000      5.180941E+00
 2120.000      5.181445E+00
 2121.000      5.181950E+00
 2122.000      5.182454E+00
 2123.000      5.182958E+00
 2124.000      5.183463E+00
 2125.000      5.183967E+00
 2126.000      5.184471E+00
 2127.000      5.184975E+00
 2128.000      5.185479E+00
 2129.000      5.185983E+00
 2130.000      5.186487E+00
 2131.000      5.186991E+00
 2132.000      5.187495E+00
 2133.000      5.187999E+00
 2134.000      5.188503E+00
 2135.000      5.189007E+00
 2136.000      5.189511E+00
 2137.000      5.190015E+00
 2138.000      5.190519E+00
 2139.000      5.191022E+00
 2140.000      5.191526E+00
 2141.000      5.192030E+00
 2142.000      5.192533E+00
 2143.000      5.193037E+00
 2144.000      5.193541E+00
 2145.000      5.194044E+00
 2146.000      5.194548E+00
 2147.000      5.195051E+00
 2148.000      5.195555E+00
 2149.000      5.196058E+00
 2150.000      5.196562E+00
 2151.000      5.197065E+00
 2152.000      5.197569E+00
 2153.000      5.198072E+00
 2154.000      5.198576E+00
 2155.000      5.199079E+00
 2156.000      5.199582E+00
 2157.000      5.200085E+00
 2158.000      5.200589E+00
 2159.000      5.201092E+00
 2160.000      5.201595E+00
 2161.000      5.202098E+00
 2162.000      5.202601E+00
 2163.000      5.203104E+00
 2164.000      5.203608E+00
 2165.000      5.204111E+00
 2166.000      5.204614E+00
 2167.000      5.205117E+00
 2168.000      5.205620E+00
 2169.000      5.206123E+00
 2170.000      5.206625E+00
 2171.000      5.207128E+00
 2172.000      5.207631E+00
 2173.000      5.208134E+00
 2174.000      5.208637E+00
 2175.000      5.209140E+00
 2176.000      5.209643E+00
 2177.000      5.210145E+00
 2178.000      5.210648E+00
 2179.000      5.211151E+00
 2180.000      5.211653E+00
 2181.000      5.212156E+00
 2182.000      5.212659E+00
 2183.000      5.213161E+00
 2184.000      5.213664E+00
 2185.000      5.214166E+00
 2186.000      5.214669E+00
 2187.000      5.215171E+00
 2188.000      5.215674E+00
 2189.000      5.216176E+00
 2190.000      5.216678E+00
 2191.000      5.217181E+00
 2192.000      5.217683E+00
 2193.000      5.218185E+00
 2194.000      5.218688E+00
 2195.000      5.219190E+00
 2196.000      5.219692E+00
 2197.000      5.220194E+00
 2198.000      5.220697E+00
 2199.000      5.221199E+00
 2200.000      5.221701E+00
 2201.000      5.222203E+00
 2202.000      5.222705E+00
 2203.000      5.223207E+00
 2204.000      5.223709E+00
 2205.000      5.224211E+00
 2206.000      5.224713E+00
 2207.000      5.225215E+00
 2208.000      5.225717E+00
 2209.000      5.226218E+00
 2210.000      5.226720E+00
 2211.000      5.227222E+00
 2212.000      5.227724E+00
 2213.000      5.228225E+00
 2214.000      5.228727E+00
 2215.000      5.229229E+00
 2216.000      5.229731E+00
 2217.000      5.230232E+00
 2218.000      5.230734E+00
 2219.000      5.231236E+00
 2220.000      5.231738E+00
 2221.000      5.232240E+00
 2222.000      5.232742E+00
 2223.000      5.233243E+00
 2224.000      5.233745E+00
 2225.000      5.234246E+00
 2226.000      5.234748E+00
 2227.000      5.235250E+00
 2228.000      5.235751E+00
 2229.000      5.236252E+00
 2230.000      5.236754E+00
 2231.000      5.237255E+00
 2232.000      5.237757E+00
 2233.000      5.238258E+00
 2234.000      5.238759E+00
 2235.000      5.239260E+00
 2236.000      5.239762E+00
 2237.000      5.240263E+00
 2238.000      5.240764E+00
 2239.000      5.241265E+00
 2240.000      5.241766E+00
 2241.000      5.242267E+00
 2242.000      5.242768E+00
 2243.000      5.243269E+00
 2244.000      5.243770E+00
 2245.000      5.244271E+00
 2246.000      5.244772E+00
 2247.000      5.245273E+00
 2248.000      5.245774E+00
 2249.000      5.246275E+00
 2250.000      5.246775E+00
 2251.000      5.247276E+00
 2252.000      5.247777E+00
 2253.000      5.248278E+00
 2254.000      5.248778E+00
 2255.000      5.249279E+00
 2256.000      5.249780E+00
 2257.000      5.250280E+00
 2258.000      5.250781E+00
 2259.000      5.251282E+00
 2260.000      5.251782E+00
 2261.000      5.252283E+00
 2262.000      5.252783E+00
 2263.000      5.253284E+00
 2264.000      5.253784E+00
 2265.000      5.254285E+00
 2266.000      5.254785E+00
 2267.000      5.255286E+00
 2268.000      5.255786E+00
 2269.000      5.256287E+00
 2270.000      5.256787E+00
 2271.000      5.257287E+00
 2272.000      5.257788E+00
 2273.000      5.258288E+00
 2274.000      5.258788E+00
 2275.000      5.259289E+00
 2276.000      5.259789E+00
 2277.000      5.260289E+00
 2278.000      5.260790E+00
 2279.000      5.261290E+00
 2280.000      5.261790E+00
 2281.000      5.262290E+00
 2282.000      5.262791E+00
 2283.000      5.263291E+00
 2284.000      5.263791E+00
 2285.000      5.264291E+00
 2286.000      5.264791E+00
 2287.000      5.265291E+00
 2288.000      5.265792E+00
 2289.000      5.266292E+00
 2290.000      5.266792E+00
 2291.000      5.267292E+00
 2292.000      5.267792E+00
 2293.000      5.268292E+00
 2294.000      5.268792E+00
 2295.000      5.269292E+00
 2296.000      5.269792E+00
 2297.000      5.270292E+00
 2298.000      5.270792E+00
 2299.000      5.271292E+00
 2300.000      5.271792E+00
 2301.000      5.272292E+00
 2302.000      5.272792E+00
 2303.000      5.273292E+00
 2304.000      5.273791E+00
 2305.000      5.274291E+00
 2306.000      5.274791E+00
 2307.000      5.275291E+00
 2308.000      5.275791E+00
 2309.000      5.276291E+00
 2310.000      5.276790E+00
 2311.000      5.277290E+00
 2312.000      5.277790E+00
 2313.000      5.278290E+00
 2314.000      5.278789E+00
 2315.000      5.279289E+00
 2316.000      5.279789E+00
 2317.000      5.280288E+00
 2318.000      5.280788E+00
 2319.000      5.281288E+00
 2320.000      5.281787E+00
 2321.000      5.282287E+00
 2322.000      5.282786E+00
 2323.000      5.283286E+00
 2324.000      5.283785E+00
 2325.000      5.284285E+00
 2326.000      5.284784E+00
 2327.000      5.285284E+00
 2328.000      5.285783E+00
 2329.000      5.286283E+00
 2330.000      5.286782E+00
 2331.000      5.287282E+00
 2332.000      5.287781E+00
 2333.000      5.288280E+00
 2334.000      5.288779E+00
 2335.000      5.289279E+00
 2336.000      5.289778E+00
 2337.000      5.290277E+00
 2338.000      5.290776E+00
 2339.000      5.291276E+00
 2340.000      5.291775E+00
 2341.000      5.292274E+00
 2342.000      5.292773E+00
 2343.000      5.293272E+00
 2344.000      5.293771E+00
 2345.000      5.294270E+00
 2346.000      5.294769E+00
 2347.000      5.295268E+00
 2348.000      5.295766E+00
 2349.000      5.296265E+00
 2350.000      5.296764E+00
 2351.000      5.297263E+00
 2352.000      5.297761E+00
 2353.000      5.298260E+00
 2354.000      5.298759E+00
 2355.000      5.299258E+00
 2356.000      5.299756E+00
 2357.000      5.300255E+00
 2358.000      5.300754E+00
 2359.000      5.301253E+00
 2360.000      5.301752E+00
 2361.000      5.302250E+00
 2362.000      5.302749E+00
 2363.000      5.303248E+00
 2364.000      5.303747E+00
 2365.000      5.304246E+00
 2366.000      5.304745E+00
 2367.000      5.305243E+00
 2368.000      5.305742E+00
 2369.000      5.306241E+00
 2370.000      5.306740E+00
 2371.000      5.307239E+00
 2372.000      5.307738E+00
 2373.000      5.308236E+00
 2374.000      5.308735E+00
 2375.000      5.309234E+00
 2376.000      5.309733E+00
 2377.000      5.310232E+00
 2378.000      5.310730E+00
 2379.000      5.311229E+00
 2380.000      5.311728E+00
 2381.000      5.312227E+00
 2382.000      5.312725E+00
 2383.000      5.313224E+00
 2384.000      5.313723E+00
 2385.000      5.314222E+00
 2386.000      5.314720E+00
 2387.000      5.315219E+00
 2388.000      5.315718E+00
 2389.000      5.316216E+00
 2390.000      5.316715E+00
 2391.000      5.317214E+00
 2392.000      5.317712E+00
 2393.000      5.318211E+00
 2394.000      5.318709E+00
 2395.000      5.319208E+00
 2396.000      5.319706E+00
 2397.000      5.320205E+00
 2398.000      5.320703E+00
 2399.000      5.321202E+00
 2400.000      5.321700E+00
 2401.000      5.322199E+00
 2402.000      5.322697E+00
 2403.000      5.323196E+00
 2404.000      5.323694E+00
 2405.000      5.324193E+00
 2406.000      5.324691E+00
 2407.000      5.325189E+00
 2408.000      5.325688E+00
 2409.000      5.326186E+00
 2410.000      5.326684E+00
 2411.000      5.327183E+00
 2412.000      5.327681E+00
 2413.000      5.328179E+00
 2414.000      5.328677E+00
 2415.000      5.329176E+00
 2416.000      5.329674E+00
 2417.000      5.330172E+00
 2418.000      5.330670E+00
 2419.000      5.331168E+00
 2420.000      5.331666E+00
 2421.000      5.332164E+00
 2422.000      5.332662E+00
 2423.000      5.333161E+00
 2424.000      5.333659E+00
 2425.000      5.334157E+00
 2426.000      5.334655E+00
 2427.000      5.335153E+00
 2428.000      5.335651E+00
 2429.000      5.336149E+00
 2430.000      5.336647E+00
 2431.000      5.337145E+00
 2432.000      5.337642E+00
 2433.000      5.338140E+00
 2434.000      5.338638E+00
 2435.000      5.339136E+00
 2436.000      5.339634E+00
 2437.000      5.340132E+00
 2438.000      5.340630E+00
 2439.000      5.341128E+00
 2440.000      5.341625E+00
 2441.000      5.342123E+00
 2442.000      5.342621E+00
 2443.000      5.343119E+00
 2444.000      5.343617E+00
 2445.000      5.344114E+00
 2446.000      5.344612E+00
 2447.000      5.345110E+00
 2448.000      5.345608E+00
 2449.000      5.346106E+00
 2450.000      5.346603E+00
 2451.000      5.347101E+00
 2452.000      5.347599E+00
 2453.000      5.348097E+00
 2454.000      5.348594E+00
 2455.000      5.349092E+00
 2456.000      5.349590E+00
 2457.000      5.350088E+00
 2458.000      5.350585E+00
 2459.000      5.351083E+00
 2460.000      5.351581E+00
 2461.000      5.352079E+00
 2462.000      5.352576E+00
 2463.000      5.353074E+00
 2464.000      5.353572E+00
 2465.000      5.354070E+00
 2466.000      5.354567E+00
 2467.000      5.355065E+00
 2468.000      5.355563E+00
 2469.000      5.356061E+00
 2470.000      5.356559E+00
 2471.000      5.357057E+00
 2472.000      5.357555E+00
 2473.000      5.358052E+00
 2474.000      5.358550E+00
 2475.000      5.359048E+00
 2476.000      5.359546E+00
 2477.000      5.360044E+00
 2478.000      5.360542E+00
 2479.000      5.361040E+00
 2480.000      5.361538E+00
 2481.000      5.362036E+00
 2482.000      5.362533E+00
 2483.000      5.363031E+00
 2484.000      5.363529E+00
 2485.000      5.364027E+00
 2486.000      5.364524E+00
 2487.000      5.365022E+00
 2488.000      5.365520E+00
 2489.000      5.366017E+00
 2490.000      5.366515E+00
 2491.000      5.367012E+00
 2492.000      5.367510E+00
 2493.000      5.368008E+00
 2494.000      5.368505E+00
 2495.000      5.369003E+00
 2496.000      5.369500E+00
 2497.000      5.369998E+00
 2498.000      5.370496E+00
 2499.000      5.370993E+00
 2500.000      5.371491E+00
 2501.000      5.371988E+00
 2502.000      5.372486E+00
 2503.000      5.372983E+00
 2504.000      5.373481E+00
 2505.000      5.373978E+00
 2506.000      5.374476E+00
 2507.000      5.374974E+00
 2508.000      5.375471E+00
 2509.000      5.375969E+00
 2510.000      5.376466E+00
 2511.000      5.376964E+00
 2512.000      5.377461E+00
 2513.000      5.377959E+00
 2514.000      5.378456E+00
 2515.000      5.378954E+00
 2516.000      5.379451E+00
 2517.000      5.379949E+00
 2518.000      5.380446E+00
 2519.000      5.380944E+00
 2520.000      5.381441E+00
 2521.000      5.381939E+00
 2522.000      5.382436E+00
 2523.000      5.382934E+00
 2524.000      5.383431E+00
 2525.000      5.383929E+00
 2526.000      5.384426E+00
 2527.000      5.384924E+00
 2528.000      5.385421E+00
 2529.000      5.385919E+00
 2530.000      5.386416E+00
 2531.000      5.386914E+00
 2532.000      5.387411E+00
 2533.000      5.387909E+00
 2534.000      5.388406E+00
 2535.000      5.388904E+00
 2536.000      5.389401E+00
 2537.000      5.389899E+00
 2538.000      5.390396E+00
 2539.000      5.390894E+00
 2540.000      5.391392E+00
 2541.000      5.391889E+00
 2542.000      5.392387E+00
 2543.000      5.392884E+00
 2544.000      5.393382E+00
 2545.000      5.393879E+00
 2546.000      5.394377E+00
 2547.000      5.394874E+00
 2548.000      5.395372E+00
 2549.000      5.395869E+00
 2550.000      5.396367E+00
 2551.000      5.396865E+00
 2552.000      5.397362E+00
 2553.000      5.397860E+00
 2554.000      5.398357E+00
 2555.000      5.398855E+00
 2556.000      5.399352E+00
 2557.000      5.399850E+00
 2558.000      5.400348E+00
 2559.000      5.400845E+00
 2560.000      5.401343E+00
 2561.000      5.401840E+00
 2562.000      5.402338E+00
 2563.000      5.402835E+00
 2564.000      5.403333E+00
 2565.000      5.403830E+00
 2566.000      5.404328E+00
 2567.000      5.404826E+00
 2568.000      5.405323E+00
 2569.000      5.405821E+00
 2570.000      5.406318E+00
 2571.000      5.406816E+00
 2572.000      5.407313E+00
 2573.000      5.407811E+00
 2574.000      5.408308E+00
 2575.000      5.408806E+00
 2576.000      5.409303E+00
 2577.000      5.409801E+00
 2578.000      5.410298E+00
 2579.000      5.410796E+00
 2580.000      5.411293E+00
 2581.000      5.411791E+00
 2582.000      5.412288E+00
 2583.000      5.412786E+00
 2584.000      5.413283E+00
 2585.000      5.413781E+00
 2586.000      5.414278E+00
 2587.000      5.414776E+00
 2588.000      5.415273E+00
 2589.000      5.415771E+00
 2590.000      5.416268E+00
 2591.000      5.416766E+00
 2592.000      5.417263E+00
 2593.000      5.417760E+00
 2594.000      5.418258E+00
 2595.000      5.418755E+00
 2596.000      5.419252E+00
 2597.000      5.419750E+00
 2598.000      5.420247E+00
 2599.000      5.420744E+00
 2600.000      5.421242E+00
 2601.000      5.421739E+00
 2602.000      5.422236E+00
 2603.000      5.422733E+00
 2604.000      5.423231E+00
 2605.000      5.423728E+00
 2606.000      5.424225E+00
 2607.000      5.424722E+00
 2608.000      5.425219E+00
 2609.000      5.425716E+00
 2610.000      5.426214E+00
 2611.000      5.426712E+00
 2612.000      5.427209E+00
 2613.000      5.427707E+00
 2614.000      5.428205E+00
 2615.000      5.428703E+00
 2616.000      5.429201E+00
 2617.000      5.429699E+00
 2618.000      5.430196E+00
 2619.000      5.430694E+00
 2620.000      5.431192E+00
 2621.000      5.431690E+00
 2622.000      5.432187E+00
 2623.000      5.432685E+00
 2624.000      5.433183E+00
 2625.000      5.433680E+00
 2626.000      5.434178E+00
 2627.000      5.434676E+00
 2628.000      5.435174E+00
 2629.000      5.435671E+00
 2630.000      5.436169E+00
 2631.000      5.436667E+00
 2632.000      5.437164E+00
 2633.000      5.437662E+00
 2634.000      5.438160E+00
 2635.000      5.438657E+00
 2636.000      5.439155E+00
 2637.000      5.439653E+00
 2638.000      5.440150E+00
 2639.000      5.440648E+00
 2640.000      5.441146E+00
 2641.000      5.441643E+00
 2642.000      5.442141E+00
 2643.000      5.442639E+00
 2644.000      5.443136E+00
 2645.000      5.443634E+00
 2646.000      5.444132E+00
 2647.000      5.444629E+00
 2648.000      5.445127E+00
 2649.000      5.445625E+00
 2650.000      5.446123E+00
 2651.000      5.446620E+00
 2652.000      5.447118E+00
 2653.000      5.447616E+00
 2654.000      5.448113E+00
 2655.000      5.448611E+00
 2656.000      5.449109E+00
 2657.000      5.449607E+00
 2658.000      5.450104E+00
 2659.000      5.450602E+00
 2660.000      5.451100E+00
 2661.000      5.451598E+00
 2662.000      5.452096E+00
 2663.000      5.452593E+00
 2664.000      5.453091E+00
 2665.000      5.453589E+00
 2666.000      5.454087E+00
 2667.000      5.454585E+00
 2668.000      5.455082E+00
 2669.000      5.455580E+00
 2670.000      5.456078E+00
 2671.000      5.456576E+00
 2672.000      5.457074E+00
 2673.000      5.457572E+00
 2674.000      5.458070E+00
 2675.000      5.458568E+00
 2676.000      5.459065E+00
 2677.000      5.459563E+00
 2678.000      5.460061E+00
 2679.000      5.460559E+00
 2680.000      5.461057E+00
 2681.000      5.461555E+00
 2682.000      5.462053E+00
 2683.000      5.462551E+00
 2684.000      5.463049E+00
 2685.000      5.463547E+00
 2686.000      5.464045E+00
 2687.000      5.464543E+00
 2688.000      5.465041E+00
 2689.000      5.465539E+00
 2690.000      5.466037E+00
 2691.000      5.466536E+00
 2692.000      5.467034E+00
 2693.000      5.467532E+00
 2694.000      5.468030E+00
 2695.000      5.468528E+00
 2696.000      5.469026E+00
 2697.000      5.469524E+00
 2698.000      5.470022E+00
 2699.000      5.470521E+00
 2700.000      5.471019E+00
 2701.000      5.471517E+00
 2702.000      5.472015E+00
 2703.000      5.472513E+00
 2704.000      5.473012E+00
 2705.000      5.473510E+00
 2706.000      5.474008E+00
 2707.000      5.474506E+00
 2708.000      5.475005E+00
 2709.000      5.475503E+00
 2710.000      5.476001E+00
 2711.000      5.476499E+00
 2712.000      5.476998E+00
 2713.000      5.477496E+00
 2714.000      5.477994E+00
 2715.000      5.478493E+00
 2716.000      5.478991E+00
 2717.000      5.479489E+00
 2718.000      5.479987E+00
 2719.000      5.480486E+00
 2720.000      5.480984E+00
 2721.000      5.481482E+00
 2722.000      5.481981E+00
 2723.000      5.482479E+00
 2724.000      5.482978E+00
 2725.000      5.483476E+00
 2726.000      5.483974E+00
 2727.000      5.484473E+00
 2728.000      5.484971E+00
 2729.000      5.485469E+00
 2730.000      5.485968E+00
 2731.000      5.486466E+00
 2732.000      5.486964E+00
 2733.000      5.487463E+00
 2734.000      5.487961E+00
 2735.000      5.488460E+00
 2736.000      5.488958E+00
 2737.000      5.489456E+00
 2738.000      5.489955E+00
 2739.000      5.490453E+00
 2740.000      5.490951E+00
 2741.000      5.491450E+00
 2742.000      5.491974E+00
 2743.000      5.492471E+00
 2744.000      5.492968E+00
 2745.000      5.493465E+00
 2746.000      5.493962E+00
 2747.000      5.494459E+00
 2748.000      5.494957E+00
 2749.000      5.495454E+00
 2750.000      5.495951E+00
 2751.000      5.496449E+00
 2752.000      5.496947E+00
 2753.000      5.497444E+00
 2754.000      5.497942E+00
 2755.000      5.498440E+00
 2756.000      5.498937E+00
 2757.000      5.499435E+00
 2758.000      5.499933E+00
 2759.000      5.500431E+00
 2760.000      5.500929E+00
 2761.000      5.501428E+00
 2762.000      5.501926E+00
 2763.000      5.502424E+00
 2764.000      5.502922E+00
 2765.000      5.503421E+00
 2766.000      5.503919E+00
 2767.000      5.504418E+00
 2768.000      5.504916E+00
 2769.000      5.505415E+00
 2770.000      5.505913E+00
 2771.000      5.506412E+00
 2772.000      5.506911E+00
 2773.000      5.507410E+00
 2774.000      5.507909E+00
 2775.000      5.508407E+00
 2776.000      5.508906E+00
 2777.000      5.509405E+00
 2778.000      5.509904E+00
 2779.000      5.510403E+00
 2780.000      5.510902E+00
 2781.000      5.511402E+00
 2782.000      5.511901E+00
 2783.000      5.512400E+00
 2784.000      5.512899E+00
 2785.000      5.513398E+00
 2786.000      5.513898E+00
 2787.000      5.514397E+00
 2788.000      5.514897E+00
 2789.000      5.515396E+00
 2790.000      5.515895E+00
 2791.000      5.516395E+00
 2792.000      5.516894E+00
 2793.000      5.517394E+00
 2794.000      5.517893E+00
 2795.000      5.518393E+00
 2796.000      5.518893E+00
 2797.000      5.519392E+00
 2798.000      5.519892E+00
 2799.000      5.520392E+00
 2800.000      5.520891E+00
 2801.000      5.521391E+00
 2802.000      5.521891E+00
 2803.000      5.522391E+00
 2804.000      5.522890E+00
 2805.000      5.523390E+00
 2806.000      5.523890E+00
 2807.000      5.524390E+00
 2808.000      5.524890E+00
 2809.000      5.525390E+00
 2810.000      5.525890E+00
 2811.000      5.526390E+00
 2812.000      5.526890E+00
 2813.000      5.527390E+00
 2814.000      5.527890E+00
 2815.000      5.528390E+00
 2816.000      5.528890E+00
 2817.000      5.529390E+00
 2818.000      5.529890E+00
 2819.000      5.530390E+00
 2820.000      5.530890E+00
 2821.000      5.531390E+00
 2822.000      5.531890E+00
 2823.000      5.532390E+00
 2824.000      5.532890E+00
 2825.000      5.533390E+00
 2826.000      5.533891E+00
 2827.000      5.534391E+00
 2828.000      5.534891E+00
 2829.000      5.535391E+00
 2830.000      5.535891E+00
 2831.000      5.536392E+00
 2832.000      5.536892E+00
 2833.000      5.537392E+00
 2834.000      5.537892E+00
 2835.000      5.538392E+00
 2836.000      5.538893E+00
 2837.000      5.539393E+00
 2838.000      5.539893E+00
 2839.000      5.540394E+00
 2840.000      5.540894E+00
 2841.000      5.541394E+00
 2842.000      5.541895E+00
 2843.000      5.542395E+00
 2844.000      5.542895E+00
 2845.000      5.543396E+00
 2846.000      5.543896E+00
 2847.000      5.544396E+00
 2848.000      5.544897E+00
 2849.000      5.545397E+00
 2850.000      5.545898E+00
 2851.000      5.546398E+00
 2852.000      5.546899E+00
 2853.000      5.547399E+00
 2854.000      5.547900E+00
 2855.000      5.548400E+00
 2856.000      5.548901E+00
 2857.000      5.549401E+00
 2858.000      5.549902E+00
 2859.000      5.550402E+00
 2860.000      5.550903E+00
 2861.000      5.551403E+00
 2862.000      5.551904E+00
 2863.000      5.552404E+00
 2864.000      5.552905E+00
 2865.000      5.553406E+00
 2866.000      5.553906E+00
 2867.000      5.554407E+00
 2868.000      5.554908E+00
 2869.000      5.555408E+00
 2870.000      5.555909E+00
 2871.000      5.556410E+00
 2872.000      5.556910E+00
 2873.000      5.557411E+00
 2874.000      5.557912E+00
 2875.000      5.558413E+00
 2876.000      5.558914E+00
 2877.000      5.559415E+00
 2878.000      5.559915E+00
 2879.000      5.560416E+00
 2880.000      5.560917E+00
 2881.000      5.561418E+00
 2882.000      5.561919E+00
 2883.000      5.562420E+00
 2884.000      5.562921E+00
 2885.000      5.563422E+00
 2886.000      5.563923E+00
 2887.000      5.564424E+00
 2888.000      5.564925E+00
 2889.000      5.565427E+00
 2890.000      5.565928E+00
 2891.000      5.566429E+00
