#ndep: 2892
#lat lon: -28 140
#depth (km)     Vp (km/s)
    0.000      2.559533E+00
    1.000      4.018020E+00
    2.000      5.021463E+00
    3.000      5.665201E+00
    4.000      6.034736E+00
    5.000      6.205725E+00
    6.000      6.243990E+00
    7.000      6.205511E+00
    8.000      6.136426E+00
    9.000      6.073036E+00
   10.000      6.041800E+00
   11.000      6.059337E+00
   12.000      6.132423E+00
   13.000      6.257996E+00
   14.000      6.423150E+00
   15.000      6.605134E+00
   16.000      6.490063E+00
   17.000      6.486546E+00
   18.000      6.555171E+00
   19.000      6.670108E+00
   20.000      6.809193E+00
   21.000      6.953930E+00
   22.000      7.089484E+00
   23.000      7.204690E+00
   24.000      7.292045E+00
   25.000      7.347714E+00
   26.000      7.371526E+00
   27.000      7.366975E+00
   28.000      7.341223E+00
   29.000      7.305094E+00
   30.000      7.273081E+00
   31.000      7.263339E+00
   32.000      7.297691E+00
   33.000      7.401624E+00
   34.000      7.604292E+00
   35.000      7.938512E+00
   36.000      7.960969E+00
   37.000      7.960597E+00
   38.000      7.960241E+00
   39.000      7.959903E+00
   40.000      7.959582E+00
   41.000      7.959279E+00
   42.000      7.958994E+00
   43.000      7.958728E+00
   44.000      7.958481E+00
   45.000      7.958253E+00
   46.000      7.958045E+00
   47.000      7.957856E+00
   48.000      7.957688E+00
   49.000      7.957540E+00
   50.000      7.957413E+00
   51.000      7.957307E+00
   52.000      7.957223E+00
   53.000      7.957160E+00
   54.000      7.957119E+00
   55.000      7.957101E+00
   56.000      7.957106E+00
   57.000      7.957134E+00
   58.000      7.957185E+00
   59.000      7.957259E+00
   60.000      7.957358E+00
   61.000      7.957481E+00
   62.000      7.957629E+00
   63.000      7.957801E+00
   64.000      7.957999E+00
   65.000      7.958222E+00
   66.000      7.958471E+00
   67.000      7.958747E+00
   68.000      7.959048E+00
   69.000      7.959377E+00
   70.000      7.959733E+00
   71.000      7.960115E+00
   72.000      7.960526E+00
   73.000      7.960965E+00
   74.000      7.961432E+00
   75.000      7.961927E+00
   76.000      7.962451E+00
   77.000      7.963005E+00
   78.000      7.963588E+00
   79.000      7.964200E+00
   80.000      7.964843E+00
   81.000      7.965516E+00
   82.000      7.966220E+00
   83.000      7.966955E+00
   84.000      7.967720E+00
   85.000      7.968518E+00
   86.000      7.969347E+00
   87.000      7.970208E+00
   88.000      7.971107E+00
   89.000      7.972040E+00
   90.000      7.973006E+00
   91.000      7.974005E+00
   92.000      7.975038E+00
   93.000      7.976104E+00
   94.000      7.977203E+00
   95.000      7.978336E+00
   96.000      7.979501E+00
   97.000      7.980698E+00
   98.000      7.981927E+00
   99.000      7.983188E+00
  100.000      7.984481E+00
  101.000      7.985806E+00
  102.000      7.987165E+00
  103.000      7.988558E+00
  104.000      7.989986E+00
  105.000      7.991447E+00
  106.000      7.992943E+00
  107.000      7.994474E+00
  108.000      7.996040E+00
  109.000      7.997642E+00
  110.000      7.999280E+00
  111.000      8.000955E+00
  112.000      8.002666E+00
  113.000      8.004414E+00
  114.000      8.006200E+00
  115.000      8.008023E+00
  116.000      8.009885E+00
  117.000      8.011785E+00
  118.000      8.013723E+00
  119.000      8.015699E+00
  120.000      8.017729E+00
  121.000      8.019706E+00
  122.000      8.021725E+00
  123.000      8.023789E+00
  124.000      8.025894E+00
  125.000      8.028043E+00
  126.000      8.030233E+00
  127.000      8.032465E+00
  128.000      8.034739E+00
  129.000      8.037054E+00
  130.000      8.039409E+00
  131.000      8.041806E+00
  132.000      8.044242E+00
  133.000      8.046719E+00
  134.000      8.049235E+00
  135.000      8.051790E+00
  136.000      8.054384E+00
  137.000      8.057017E+00
  138.000      8.059688E+00
  139.000      8.062397E+00
  140.000      8.065143E+00
  141.000      8.067927E+00
  142.000      8.070748E+00
  143.000      8.073606E+00
  144.000      8.076499E+00
  145.000      8.079429E+00
  146.000      8.082394E+00
  147.000      8.085395E+00
  148.000      8.088431E+00
  149.000      8.091501E+00
  150.000      8.094606E+00
  151.000      8.097744E+00
  152.000      8.100916E+00
  153.000      8.104122E+00
  154.000      8.107360E+00
  155.000      8.110631E+00
  156.000      8.113934E+00
  157.000      8.117269E+00
  158.000      8.120636E+00
  159.000      8.124033E+00
  160.000      8.127462E+00
  161.000      8.130921E+00
  162.000      8.134411E+00
  163.000      8.137930E+00
  164.000      8.141479E+00
  165.000      8.145056E+00
  166.000      8.148663E+00
  167.000      8.152298E+00
  168.000      8.155961E+00
  169.000      8.159652E+00
  170.000      8.163370E+00
  171.000      8.167116E+00
  172.000      8.170883E+00
  173.000      8.174670E+00
  174.000      8.178477E+00
  175.000      8.182305E+00
  176.000      8.186151E+00
  177.000      8.190017E+00
  178.000      8.193901E+00
  179.000      8.197803E+00
  180.000      8.201723E+00
  181.000      8.205660E+00
  182.000      8.209613E+00
  183.000      8.213582E+00
  184.000      8.217566E+00
  185.000      8.221565E+00
  186.000      8.225579E+00
  187.000      8.229605E+00
  188.000      8.233645E+00
  189.000      8.237697E+00
  190.000      8.241760E+00
  191.000      8.245835E+00
  192.000      8.249919E+00
  193.000      8.254012E+00
  194.000      8.258115E+00
  195.000      8.262224E+00
  196.000      8.266341E+00
  197.000      8.270464E+00
  198.000      8.274593E+00
  199.000      8.278725E+00
  200.000      8.282862E+00
  201.000      8.287001E+00
  202.000      8.291141E+00
  203.000      8.295283E+00
  204.000      8.299424E+00
  205.000      8.303565E+00
  206.000      8.307703E+00
  207.000      8.311838E+00
  208.000      8.315969E+00
  209.000      8.320094E+00
  210.000      8.324213E+00
  211.000      8.328325E+00
  212.000      8.332429E+00
  213.000      8.336522E+00
  214.000      8.340605E+00
  215.000      8.344676E+00
  216.000      8.348734E+00
  217.000      8.352777E+00
  218.000      8.356805E+00
  219.000      8.360816E+00
  220.000      8.364809E+00
  221.000      8.369281E+00
  222.000      8.373247E+00
  223.000      8.377162E+00
  224.000      8.381027E+00
  225.000      8.384846E+00
  226.000      8.388619E+00
  227.000      8.392351E+00
  228.000      8.396043E+00
  229.000      8.399697E+00
  230.000      8.403317E+00
  231.000      8.406903E+00
  232.000      8.410458E+00
  233.000      8.413985E+00
  234.000      8.417485E+00
  235.000      8.420960E+00
  236.000      8.424412E+00
  237.000      8.427843E+00
  238.000      8.431256E+00
  239.000      8.434651E+00
  240.000      8.438030E+00
  241.000      8.441395E+00
  242.000      8.444749E+00
  243.000      8.448091E+00
  244.000      8.451425E+00
  245.000      8.454751E+00
  246.000      8.458070E+00
  247.000      8.461385E+00
  248.000      8.464696E+00
  249.000      8.468005E+00
  250.000      8.471313E+00
  251.000      8.474622E+00
  252.000      8.477931E+00
  253.000      8.481243E+00
  254.000      8.484559E+00
  255.000      8.487878E+00
  256.000      8.491203E+00
  257.000      8.494534E+00
  258.000      8.497873E+00
  259.000      8.501219E+00
  260.000      8.504573E+00
  261.000      8.507937E+00
  262.000      8.511310E+00
  263.000      8.514694E+00
  264.000      8.518088E+00
  265.000      8.521494E+00
  266.000      8.524912E+00
  267.000      8.528342E+00
  268.000      8.531784E+00
  269.000      8.535238E+00
  270.000      8.538706E+00
  271.000      8.542187E+00
  272.000      8.545681E+00
  273.000      8.549188E+00
  274.000      8.552708E+00
  275.000      8.556242E+00
  276.000      8.559788E+00
  277.000      8.563348E+00
  278.000      8.566920E+00
  279.000      8.570505E+00
  280.000      8.574102E+00
  281.000      8.577711E+00
  282.000      8.581331E+00
  283.000      8.584962E+00
  284.000      8.588604E+00
  285.000      8.592256E+00
  286.000      8.595917E+00
  287.000      8.599587E+00
  288.000      8.603265E+00
  289.000      8.606950E+00
  290.000      8.610641E+00
  291.000      8.614339E+00
  292.000      8.618040E+00
  293.000      8.621746E+00
  294.000      8.625454E+00
  295.000      8.629164E+00
  296.000      8.632874E+00
  297.000      8.636584E+00
  298.000      8.640292E+00
  299.000      8.643997E+00
  300.000      8.647697E+00
  301.000      8.651392E+00
  302.000      8.655079E+00
  303.000      8.658758E+00
  304.000      8.662427E+00
  305.000      8.666084E+00
  306.000      8.669727E+00
  307.000      8.673356E+00
  308.000      8.676967E+00
  309.000      8.680561E+00
  310.000      8.684134E+00
  311.000      8.687684E+00
  312.000      8.691211E+00
  313.000      8.694711E+00
  314.000      8.698184E+00
  315.000      8.701626E+00
  316.000      8.705126E+00
  317.000      8.708620E+00
  318.000      8.712109E+00
  319.000      8.715591E+00
  320.000      8.719066E+00
  321.000      8.722533E+00
  322.000      8.725991E+00
  323.000      8.729440E+00
  324.000      8.732879E+00
  325.000      8.736306E+00
  326.000      8.739722E+00
  327.000      8.743127E+00
  328.000      8.746518E+00
  329.000      8.749896E+00
  330.000      8.753260E+00
  331.000      8.756610E+00
  332.000      8.759945E+00
  333.000      8.763265E+00
  334.000      8.766568E+00
  335.000      8.769855E+00
  336.000      8.773125E+00
  337.000      8.776378E+00
  338.000      8.779613E+00
  339.000      8.782830E+00
  340.000      8.786028E+00
  341.000      8.789208E+00
  342.000      8.792368E+00
  343.000      8.795509E+00
  344.000      8.798630E+00
  345.000      8.801730E+00
  346.000      8.804811E+00
  347.000      8.807871E+00
  348.000      8.810909E+00
  349.000      8.813927E+00
  350.000      8.816924E+00
  351.000      8.819899E+00
  352.000      8.822852E+00
  353.000      8.825784E+00
  354.000      8.828694E+00
  355.000      8.831582E+00
  356.000      8.834448E+00
  357.000      8.837292E+00
  358.000      8.840114E+00
  359.000      8.842913E+00
  360.000      8.845691E+00
  361.000      8.848447E+00
  362.000      8.851180E+00
  363.000      8.853892E+00
  364.000      8.856582E+00
  365.000      8.859250E+00
  366.000      8.861896E+00
  367.000      8.864521E+00
  368.000      8.867124E+00
  369.000      8.869707E+00
  370.000      8.872268E+00
  371.000      8.874808E+00
  372.000      8.877328E+00
  373.000      8.879828E+00
  374.000      8.882307E+00
  375.000      8.884767E+00
  376.000      8.887208E+00
  377.000      8.889629E+00
  378.000      8.892032E+00
  379.000      8.894416E+00
  380.000      8.896782E+00
  381.000      8.899131E+00
  382.000      8.901463E+00
  383.000      8.903778E+00
  384.000      8.906076E+00
  385.000      8.908359E+00
  386.000      8.910627E+00
  387.000      8.912880E+00
  388.000      8.915118E+00
  389.000      8.917343E+00
  390.000      8.919555E+00
  391.000      8.921755E+00
  392.000      8.923943E+00
  393.000      8.926119E+00
  394.000      8.928285E+00
  395.000      8.930441E+00
  396.000      8.932588E+00
  397.000      8.934727E+00
  398.000      8.936858E+00
  399.000      8.938982E+00
  400.000      8.941099E+00
  401.000      8.943211E+00
  402.000      8.945319E+00
  403.000      8.947423E+00
  404.000      8.949524E+00
  405.000      8.951622E+00
  406.000      8.953720E+00
  407.000      8.955818E+00
  408.000      8.957916E+00
  409.000      8.960015E+00
  410.000      9.221802E+00
  411.000      9.226851E+00
  412.000      9.231886E+00
  413.000      9.236907E+00
  414.000      9.241913E+00
  415.000      9.246906E+00
  416.000      9.251884E+00
  417.000      9.256850E+00
  418.000      9.261802E+00
  419.000      9.266740E+00
  420.000      9.271666E+00
  421.000      9.276579E+00
  422.000      9.281479E+00
  423.000      9.286367E+00
  424.000      9.291242E+00
  425.000      9.296105E+00
  426.000      9.300957E+00
  427.000      9.305796E+00
  428.000      9.310624E+00
  429.000      9.315441E+00
  430.000      9.320247E+00
  431.000      9.325041E+00
  432.000      9.329825E+00
  433.000      9.334598E+00
  434.000      9.339361E+00
  435.000      9.344113E+00
  436.000      9.348856E+00
  437.000      9.353588E+00
  438.000      9.358311E+00
  439.000      9.363024E+00
  440.000      9.367729E+00
  441.000      9.372424E+00
  442.000      9.377110E+00
  443.000      9.381787E+00
  444.000      9.386456E+00
  445.000      9.391117E+00
  446.000      9.395769E+00
  447.000      9.400414E+00
  448.000      9.405051E+00
  449.000      9.409680E+00
  450.000      9.414302E+00
  451.000      9.418917E+00
  452.000      9.423525E+00
  453.000      9.428127E+00
  454.000      9.432722E+00
  455.000      9.437310E+00
  456.000      9.441893E+00
  457.000      9.446469E+00
  458.000      9.451040E+00
  459.000      9.455605E+00
  460.000      9.460165E+00
  461.000      9.464721E+00
  462.000      9.469271E+00
  463.000      9.473816E+00
  464.000      9.478357E+00
  465.000      9.482894E+00
  466.000      9.487427E+00
  467.000      9.491956E+00
  468.000      9.496481E+00
  469.000      9.501003E+00
  470.000      9.505522E+00
  471.000      9.510038E+00
  472.000      9.514551E+00
  473.000      9.519062E+00
  474.000      9.523570E+00
  475.000      9.528076E+00
  476.000      9.532581E+00
  477.000      9.537083E+00
  478.000      9.541584E+00
  479.000      9.546084E+00
  480.000      9.550583E+00
  481.000      9.555081E+00
  482.000      9.559579E+00
  483.000      9.564076E+00
  484.000      9.568573E+00
  485.000      9.573071E+00
  486.000      9.577568E+00
  487.000      9.582066E+00
  488.000      9.586565E+00
  489.000      9.591065E+00
  490.000      9.595566E+00
  491.000      9.600069E+00
  492.000      9.604573E+00
  493.000      9.609079E+00
  494.000      9.613588E+00
  495.000      9.618098E+00
  496.000      9.622612E+00
  497.000      9.627128E+00
  498.000      9.631647E+00
  499.000      9.636169E+00
  500.000      9.640695E+00
  501.000      9.645225E+00
  502.000      9.649759E+00
  503.000      9.654297E+00
  504.000      9.658840E+00
  505.000      9.663387E+00
  506.000      9.667938E+00
  507.000      9.672494E+00
  508.000      9.677054E+00
  509.000      9.681617E+00
  510.000      9.686185E+00
  511.000      9.690756E+00
  512.000      9.695331E+00
  513.000      9.699911E+00
  514.000      9.704494E+00
  515.000      9.709081E+00
  516.000      9.713671E+00
  517.000      9.718266E+00
  518.000      9.722865E+00
  519.000      9.727467E+00
  520.000      9.732073E+00
  521.000      9.736683E+00
  522.000      9.741297E+00
  523.000      9.745914E+00
  524.000      9.750535E+00
  525.000      9.755160E+00
  526.000      9.759789E+00
  527.000      9.764421E+00
  528.000      9.769057E+00
  529.000      9.773697E+00
  530.000      9.778340E+00
  531.000      9.782987E+00
  532.000      9.787638E+00
  533.000      9.792292E+00
  534.000      9.796950E+00
  535.000      9.801611E+00
  536.000      9.806276E+00
  537.000      9.810945E+00
  538.000      9.815617E+00
  539.000      9.820292E+00
  540.000      9.824971E+00
  541.000      9.829653E+00
  542.000      9.834339E+00
  543.000      9.839028E+00
  544.000      9.843721E+00
  545.000      9.848417E+00
  546.000      9.853116E+00
  547.000      9.857819E+00
  548.000      9.862525E+00
  549.000      9.867235E+00
  550.000      9.871947E+00
  551.000      9.876663E+00
  552.000      9.881382E+00
  553.000      9.886104E+00
  554.000      9.890830E+00
  555.000      9.895559E+00
  556.000      9.900290E+00
  557.000      9.905025E+00
  558.000      9.909763E+00
  559.000      9.914504E+00
  560.000      9.919249E+00
  561.000      9.923996E+00
  562.000      9.928746E+00
  563.000      9.933499E+00
  564.000      9.938255E+00
  565.000      9.943014E+00
  566.000      9.947776E+00
  567.000      9.952541E+00
  568.000      9.957309E+00
  569.000      9.962080E+00
  570.000      9.966853E+00
  571.000      9.971629E+00
  572.000      9.976408E+00
  573.000      9.981190E+00
  574.000      9.985974E+00
  575.000      9.990761E+00
  576.000      9.995551E+00
  577.000      1.000034E+01
  578.000      1.000514E+01
  579.000      1.000994E+01
  580.000      1.001474E+01
  581.000      1.001954E+01
  582.000      1.002434E+01
  583.000      1.002915E+01
  584.000      1.003396E+01
  585.000      1.003877E+01
  586.000      1.004359E+01
  587.000      1.004840E+01
  588.000      1.005322E+01
  589.000      1.005804E+01
  590.000      1.006287E+01
  591.000      1.006769E+01
  592.000      1.007252E+01
  593.000      1.007735E+01
  594.000      1.008218E+01
  595.000      1.008702E+01
  596.000      1.009186E+01
  597.000      1.009669E+01
  598.000      1.010153E+01
  599.000      1.010638E+01
  600.000      1.011126E+01
  601.000      1.011607E+01
  602.000      1.012090E+01
  603.000      1.012572E+01
  604.000      1.013055E+01
  605.000      1.013538E+01
  606.000      1.014022E+01
  607.000      1.014505E+01
  608.000      1.014989E+01
  609.000      1.015473E+01
  610.000      1.015956E+01
  611.000      1.016440E+01
  612.000      1.016923E+01
  613.000      1.017407E+01
  614.000      1.017890E+01
  615.000      1.018374E+01
  616.000      1.018857E+01
  617.000      1.019339E+01
  618.000      1.019822E+01
  619.000      1.020305E+01
  620.000      1.020787E+01
  621.000      1.021269E+01
  622.000      1.021751E+01
  623.000      1.022233E+01
  624.000      1.022714E+01
  625.000      1.023196E+01
  626.000      1.023677E+01
  627.000      1.024158E+01
  628.000      1.024639E+01
  629.000      1.025120E+01
  630.000      1.025601E+01
  631.000      1.026082E+01
  632.000      1.026564E+01
  633.000      1.027045E+01
  634.000      1.027526E+01
  635.000      1.028008E+01
  636.000      1.028490E+01
  637.000      1.028973E+01
  638.000      1.029456E+01
  639.000      1.029939E+01
  640.000      1.030423E+01
  641.000      1.030908E+01
  642.000      1.031394E+01
  643.000      1.031880E+01
  644.000      1.032367E+01
  645.000      1.032856E+01
  646.000      1.033345E+01
  647.000      1.033836E+01
  648.000      1.034328E+01
  649.000      1.034822E+01
  650.000      1.035318E+01
  651.000      1.084379E+01
  652.000      1.084319E+01
  653.000      1.084289E+01
  654.000      1.084288E+01
  655.000      1.084313E+01
  656.000      1.084364E+01
  657.000      1.084438E+01
  658.000      1.084533E+01
  659.000      1.084649E+01
  660.000      1.084783E+01
  661.000      1.084935E+01
  662.000      1.085102E+01
  663.000      1.085284E+01
  664.000      1.085479E+01
  665.000      1.085686E+01
  666.000      1.085903E+01
  667.000      1.086130E+01
  668.000      1.086366E+01
  669.000      1.086609E+01
  670.000      1.086858E+01
  671.000      1.087112E+01
  672.000      1.087371E+01
  673.000      1.087634E+01
  674.000      1.087900E+01
  675.000      1.088168E+01
  676.000      1.088437E+01
  677.000      1.088707E+01
  678.000      1.088977E+01
  679.000      1.089248E+01
  680.000      1.089517E+01
  681.000      1.089785E+01
  682.000      1.090051E+01
  683.000      1.090316E+01
  684.000      1.090578E+01
  685.000      1.090838E+01
  686.000      1.091096E+01
  687.000      1.091350E+01
  688.000      1.091602E+01
  689.000      1.091851E+01
  690.000      1.092098E+01
  691.000      1.092341E+01
  692.000      1.092583E+01
  693.000      1.092821E+01
  694.000      1.093058E+01
  695.000      1.093293E+01
  696.000      1.093526E+01
  697.000      1.093759E+01
  698.000      1.093990E+01
  699.000      1.094222E+01
  700.000      1.094454E+01
  701.000      1.094687E+01
  702.000      1.094922E+01
  703.000      1.095159E+01
  704.000      1.095399E+01
  705.000      1.095643E+01
  706.000      1.095892E+01
  707.000      1.096146E+01
  708.000      1.096408E+01
  709.000      1.096677E+01
  710.000      1.096955E+01
  711.000      1.097226E+01
  712.000      1.097483E+01
  713.000      1.097741E+01
  714.000      1.097997E+01
  715.000      1.098254E+01
  716.000      1.098510E+01
  717.000      1.098766E+01
  718.000      1.099021E+01
  719.000      1.099275E+01
  720.000      1.099529E+01
  721.000      1.099782E+01
  722.000      1.100034E+01
  723.000      1.100286E+01
  724.000      1.100536E+01
  725.000      1.100786E+01
  726.000      1.101035E+01
  727.000      1.101284E+01
  728.000      1.101531E+01
  729.000      1.101777E+01
  730.000      1.102023E+01
  731.000      1.102267E+01
  732.000      1.102511E+01
  733.000      1.102753E+01
  734.000      1.102994E+01
  735.000      1.103235E+01
  736.000      1.103474E+01
  737.000      1.103713E+01
  738.000      1.103950E+01
  739.000      1.104187E+01
  740.000      1.104422E+01
  741.000      1.104656E+01
  742.000      1.104890E+01
  743.000      1.105122E+01
  744.000      1.105353E+01
  745.000      1.105584E+01
  746.000      1.105813E+01
  747.000      1.106042E+01
  748.000      1.106270E+01
  749.000      1.106496E+01
  750.000      1.106722E+01
  751.000      1.106947E+01
  752.000      1.107172E+01
  753.000      1.107395E+01
  754.000      1.107618E+01
  755.000      1.107840E+01
  756.000      1.108062E+01
  757.000      1.108283E+01
  758.000      1.108503E+01
  759.000      1.108723E+01
  760.000      1.108942E+01
  761.000      1.109161E+01
  762.000      1.109380E+01
  763.000      1.109598E+01
  764.000      1.109816E+01
  765.000      1.110034E+01
  766.000      1.110252E+01
  767.000      1.110470E+01
  768.000      1.110687E+01
  769.000      1.110905E+01
  770.000      1.111123E+01
  771.000      1.111341E+01
  772.000      1.111505E+01
  773.000      1.111666E+01
  774.000      1.111827E+01
  775.000      1.111988E+01
  776.000      1.112150E+01
  777.000      1.112311E+01
  778.000      1.112472E+01
  779.000      1.112633E+01
  780.000      1.112795E+01
  781.000      1.112956E+01
  782.000      1.113118E+01
  783.000      1.113279E+01
  784.000      1.113440E+01
  785.000      1.113602E+01
  786.000      1.113763E+01
  787.000      1.113925E+01
  788.000      1.114086E+01
  789.000      1.114248E+01
  790.000      1.114409E+01
  791.000      1.114571E+01
  792.000      1.114732E+01
  793.000      1.114894E+01
  794.000      1.115056E+01
  795.000      1.115217E+01
  796.000      1.115379E+01
  797.000      1.115540E+01
  798.000      1.115702E+01
  799.000      1.115863E+01
  800.000      1.116025E+01
  801.000      1.116186E+01
  802.000      1.116348E+01
  803.000      1.116510E+01
  804.000      1.116671E+01
  805.000      1.116833E+01
  806.000      1.116994E+01
  807.000      1.117156E+01
  808.000      1.117317E+01
  809.000      1.117479E+01
  810.000      1.117640E+01
  811.000      1.117802E+01
  812.000      1.117963E+01
  813.000      1.118125E+01
  814.000      1.118286E+01
  815.000      1.118447E+01
  816.000      1.118609E+01
  817.000      1.118770E+01
  818.000      1.118932E+01
  819.000      1.119093E+01
  820.000      1.119254E+01
  821.000      1.119416E+01
  822.000      1.119577E+01
  823.000      1.119738E+01
  824.000      1.119899E+01
  825.000      1.120061E+01
  826.000      1.120222E+01
  827.000      1.120383E+01
  828.000      1.120544E+01
  829.000      1.120705E+01
  830.000      1.120866E+01
  831.000      1.121027E+01
  832.000      1.121188E+01
  833.000      1.121349E+01
  834.000      1.121510E+01
  835.000      1.121671E+01
  836.000      1.121832E+01
  837.000      1.121993E+01
  838.000      1.122154E+01
  839.000      1.122315E+01
  840.000      1.122476E+01
  841.000      1.122636E+01
  842.000      1.122797E+01
  843.000      1.122958E+01
  844.000      1.123118E+01
  845.000      1.123279E+01
  846.000      1.123440E+01
  847.000      1.123600E+01
  848.000      1.123761E+01
  849.000      1.123921E+01
  850.000      1.124082E+01
  851.000      1.124242E+01
  852.000      1.124403E+01
  853.000      1.124563E+01
  854.000      1.124723E+01
  855.000      1.124884E+01
  856.000      1.125044E+01
  857.000      1.125204E+01
  858.000      1.125365E+01
  859.000      1.125525E+01
  860.000      1.125685E+01
  861.000      1.125845E+01
  862.000      1.126005E+01
  863.000      1.126165E+01
  864.000      1.126325E+01
  865.000      1.126485E+01
  866.000      1.126645E+01
  867.000      1.126805E+01
  868.000      1.126965E+01
  869.000      1.127125E+01
  870.000      1.127285E+01
  871.000      1.127445E+01
  872.000      1.127605E+01
  873.000      1.127764E+01
  874.000      1.127924E+01
  875.000      1.128084E+01
  876.000      1.128243E+01
  877.000      1.128403E+01
  878.000      1.128563E+01
  879.000      1.128722E+01
  880.000      1.128882E+01
  881.000      1.129042E+01
  882.000      1.129201E+01
  883.000      1.129361E+01
  884.000      1.129520E+01
  885.000      1.129680E+01
  886.000      1.129839E+01
  887.000      1.129999E+01
  888.000      1.130158E+01
  889.000      1.130317E+01
  890.000      1.130477E+01
  891.000      1.130636E+01
  892.000      1.130795E+01
  893.000      1.130955E+01
  894.000      1.131114E+01
  895.000      1.131273E+01
  896.000      1.131433E+01
  897.000      1.131592E+01
  898.000      1.131751E+01
  899.000      1.131911E+01
  900.000      1.132070E+01
  901.000      1.132229E+01
  902.000      1.132388E+01
  903.000      1.132547E+01
  904.000      1.132706E+01
  905.000      1.132865E+01
  906.000      1.133024E+01
  907.000      1.133183E+01
  908.000      1.133342E+01
  909.000      1.133501E+01
  910.000      1.133659E+01
  911.000      1.133818E+01
  912.000      1.133977E+01
  913.000      1.134136E+01
  914.000      1.134294E+01
  915.000      1.134453E+01
  916.000      1.134612E+01
  917.000      1.134770E+01
  918.000      1.134929E+01
  919.000      1.135088E+01
  920.000      1.135246E+01
  921.000      1.135405E+01
  922.000      1.135563E+01
  923.000      1.135722E+01
  924.000      1.135880E+01
  925.000      1.136038E+01
  926.000      1.136197E+01
  927.000      1.136355E+01
  928.000      1.136514E+01
  929.000      1.136672E+01
  930.000      1.136830E+01
  931.000      1.136988E+01
  932.000      1.137147E+01
  933.000      1.137305E+01
  934.000      1.137463E+01
  935.000      1.137621E+01
  936.000      1.137779E+01
  937.000      1.137938E+01
  938.000      1.138096E+01
  939.000      1.138254E+01
  940.000      1.138412E+01
  941.000      1.138570E+01
  942.000      1.138728E+01
  943.000      1.138886E+01
  944.000      1.139044E+01
  945.000      1.139202E+01
  946.000      1.139359E+01
  947.000      1.139517E+01
  948.000      1.139675E+01
  949.000      1.139833E+01
  950.000      1.139991E+01
  951.000      1.140148E+01
  952.000      1.140306E+01
  953.000      1.140464E+01
  954.000      1.140622E+01
  955.000      1.140779E+01
  956.000      1.140937E+01
  957.000      1.141094E+01
  958.000      1.141252E+01
  959.000      1.141410E+01
  960.000      1.141567E+01
  961.000      1.141725E+01
  962.000      1.141882E+01
  963.000      1.142040E+01
  964.000      1.142197E+01
  965.000      1.142354E+01
  966.000      1.142512E+01
  967.000      1.142669E+01
  968.000      1.142826E+01
  969.000      1.142984E+01
  970.000      1.143141E+01
  971.000      1.143298E+01
  972.000      1.143455E+01
  973.000      1.143613E+01
  974.000      1.143770E+01
  975.000      1.143927E+01
  976.000      1.144084E+01
  977.000      1.144241E+01
  978.000      1.144398E+01
  979.000      1.144555E+01
  980.000      1.144712E+01
  981.000      1.144869E+01
  982.000      1.145026E+01
  983.000      1.145183E+01
  984.000      1.145340E+01
  985.000      1.145497E+01
  986.000      1.145653E+01
  987.000      1.145810E+01
  988.000      1.145967E+01
  989.000      1.146124E+01
  990.000      1.146281E+01
  991.000      1.146437E+01
  992.000      1.146594E+01
  993.000      1.146751E+01
  994.000      1.146907E+01
  995.000      1.147064E+01
  996.000      1.147220E+01
  997.000      1.147377E+01
  998.000      1.147534E+01
  999.000      1.147690E+01
 1000.000      1.147846E+01
 1001.000      1.148003E+01
 1002.000      1.148159E+01
 1003.000      1.148316E+01
 1004.000      1.148472E+01
 1005.000      1.148628E+01
 1006.000      1.148785E+01
 1007.000      1.148941E+01
 1008.000      1.149097E+01
 1009.000      1.149254E+01
 1010.000      1.149410E+01
 1011.000      1.149566E+01
 1012.000      1.149722E+01
 1013.000      1.149878E+01
 1014.000      1.150034E+01
 1015.000      1.150191E+01
 1016.000      1.150347E+01
 1017.000      1.150503E+01
 1018.000      1.150659E+01
 1019.000      1.150815E+01
 1020.000      1.150971E+01
 1021.000      1.151127E+01
 1022.000      1.151283E+01
 1023.000      1.151438E+01
 1024.000      1.151594E+01
 1025.000      1.151750E+01
 1026.000      1.151906E+01
 1027.000      1.152062E+01
 1028.000      1.152218E+01
 1029.000      1.152373E+01
 1030.000      1.152529E+01
 1031.000      1.152685E+01
 1032.000      1.152840E+01
 1033.000      1.152996E+01
 1034.000      1.153152E+01
 1035.000      1.153307E+01
 1036.000      1.153463E+01
 1037.000      1.153618E+01
 1038.000      1.153773E+01
 1039.000      1.153929E+01
 1040.000      1.154084E+01
 1041.000      1.154240E+01
 1042.000      1.154395E+01
 1043.000      1.154550E+01
 1044.000      1.154706E+01
 1045.000      1.154861E+01
 1046.000      1.155016E+01
 1047.000      1.155171E+01
 1048.000      1.155327E+01
 1049.000      1.155482E+01
 1050.000      1.155637E+01
 1051.000      1.155792E+01
 1052.000      1.155947E+01
 1053.000      1.156102E+01
 1054.000      1.156257E+01
 1055.000      1.156412E+01
 1056.000      1.156567E+01
 1057.000      1.156722E+01
 1058.000      1.156877E+01
 1059.000      1.157032E+01
 1060.000      1.157187E+01
 1061.000      1.157342E+01
 1062.000      1.157497E+01
 1063.000      1.157651E+01
 1064.000      1.157806E+01
 1065.000      1.157961E+01
 1066.000      1.158116E+01
 1067.000      1.158271E+01
 1068.000      1.158425E+01
 1069.000      1.158580E+01
 1070.000      1.158735E+01
 1071.000      1.158889E+01
 1072.000      1.159044E+01
 1073.000      1.159198E+01
 1074.000      1.159353E+01
 1075.000      1.159507E+01
 1076.000      1.159662E+01
 1077.000      1.159816E+01
 1078.000      1.159971E+01
 1079.000      1.160125E+01
 1080.000      1.160280E+01
 1081.000      1.160434E+01
 1082.000      1.160588E+01
 1083.000      1.160743E+01
 1084.000      1.160897E+01
 1085.000      1.161051E+01
 1086.000      1.161205E+01
 1087.000      1.161360E+01
 1088.000      1.161514E+01
 1089.000      1.161668E+01
 1090.000      1.161822E+01
 1091.000      1.161976E+01
 1092.000      1.162130E+01
 1093.000      1.162284E+01
 1094.000      1.162438E+01
 1095.000      1.162592E+01
 1096.000      1.162746E+01
 1097.000      1.162900E+01
 1098.000      1.163054E+01
 1099.000      1.163208E+01
 1100.000      1.163362E+01
 1101.000      1.163516E+01
 1102.000      1.163670E+01
 1103.000      1.163823E+01
 1104.000      1.163977E+01
 1105.000      1.164131E+01
 1106.000      1.164285E+01
 1107.000      1.164438E+01
 1108.000      1.164592E+01
 1109.000      1.164746E+01
 1110.000      1.164899E+01
 1111.000      1.165053E+01
 1112.000      1.165207E+01
 1113.000      1.165360E+01
 1114.000      1.165514E+01
 1115.000      1.165667E+01
 1116.000      1.165821E+01
 1117.000      1.165974E+01
 1118.000      1.166127E+01
 1119.000      1.166281E+01
 1120.000      1.166434E+01
 1121.000      1.166587E+01
 1122.000      1.166741E+01
 1123.000      1.166894E+01
 1124.000      1.167047E+01
 1125.000      1.167201E+01
 1126.000      1.167354E+01
 1127.000      1.167507E+01
 1128.000      1.167660E+01
 1129.000      1.167813E+01
 1130.000      1.167966E+01
 1131.000      1.168119E+01
 1132.000      1.168272E+01
 1133.000      1.168425E+01
 1134.000      1.168578E+01
 1135.000      1.168731E+01
 1136.000      1.168884E+01
 1137.000      1.169037E+01
 1138.000      1.169190E+01
 1139.000      1.169343E+01
 1140.000      1.169496E+01
 1141.000      1.169649E+01
 1142.000      1.169801E+01
 1143.000      1.169954E+01
 1144.000      1.170107E+01
 1145.000      1.170260E+01
 1146.000      1.170412E+01
 1147.000      1.170565E+01
 1148.000      1.170718E+01
 1149.000      1.170870E+01
 1150.000      1.171023E+01
 1151.000      1.171175E+01
 1152.000      1.171328E+01
 1153.000      1.171480E+01
 1154.000      1.171633E+01
 1155.000      1.171785E+01
 1156.000      1.171938E+01
 1157.000      1.172090E+01
 1158.000      1.172243E+01
 1159.000      1.172395E+01
 1160.000      1.172547E+01
 1161.000      1.172700E+01
 1162.000      1.172852E+01
 1163.000      1.173004E+01
 1164.000      1.173156E+01
 1165.000      1.173308E+01
 1166.000      1.173461E+01
 1167.000      1.173613E+01
 1168.000      1.173765E+01
 1169.000      1.173917E+01
 1170.000      1.174069E+01
 1171.000      1.174221E+01
 1172.000      1.174374E+01
 1173.000      1.174526E+01
 1174.000      1.174678E+01
 1175.000      1.174830E+01
 1176.000      1.174981E+01
 1177.000      1.175133E+01
 1178.000      1.175285E+01
 1179.000      1.175437E+01
 1180.000      1.175589E+01
 1181.000      1.175741E+01
 1182.000      1.175892E+01
 1183.000      1.176044E+01
 1184.000      1.176196E+01
 1185.000      1.176347E+01
 1186.000      1.176499E+01
 1187.000      1.176651E+01
 1188.000      1.176802E+01
 1189.000      1.176954E+01
 1190.000      1.177105E+01
 1191.000      1.177257E+01
 1192.000      1.177408E+01
 1193.000      1.177560E+01
 1194.000      1.177711E+01
 1195.000      1.177862E+01
 1196.000      1.178014E+01
 1197.000      1.178165E+01
 1198.000      1.178316E+01
 1199.000      1.178468E+01
 1200.000      1.178619E+01
 1201.000      1.178770E+01
 1202.000      1.178921E+01
 1203.000      1.179072E+01
 1204.000      1.179224E+01
 1205.000      1.179375E+01
 1206.000      1.179526E+01
 1207.000      1.179677E+01
 1208.000      1.179828E+01
 1209.000      1.179979E+01
 1210.000      1.180130E+01
 1211.000      1.180281E+01
 1212.000      1.180432E+01
 1213.000      1.180583E+01
 1214.000      1.180733E+01
 1215.000      1.180884E+01
 1216.000      1.181035E+01
 1217.000      1.181186E+01
 1218.000      1.181337E+01
 1219.000      1.181487E+01
 1220.000      1.181638E+01
 1221.000      1.181789E+01
 1222.000      1.181939E+01
 1223.000      1.182090E+01
 1224.000      1.182241E+01
 1225.000      1.182391E+01
 1226.000      1.182542E+01
 1227.000      1.182692E+01
 1228.000      1.182843E+01
 1229.000      1.182993E+01
 1230.000      1.183144E+01
 1231.000      1.183294E+01
 1232.000      1.183445E+01
 1233.000      1.183595E+01
 1234.000      1.183745E+01
 1235.000      1.183896E+01
 1236.000      1.184046E+01
 1237.000      1.184196E+01
 1238.000      1.184346E+01
 1239.000      1.184497E+01
 1240.000      1.184647E+01
 1241.000      1.184797E+01
 1242.000      1.184947E+01
 1243.000      1.185097E+01
 1244.000      1.185247E+01
 1245.000      1.185397E+01
 1246.000      1.185547E+01
 1247.000      1.185697E+01
 1248.000      1.185847E+01
 1249.000      1.185997E+01
 1250.000      1.186147E+01
 1251.000      1.186297E+01
 1252.000      1.186447E+01
 1253.000      1.186597E+01
 1254.000      1.186747E+01
 1255.000      1.186897E+01
 1256.000      1.187046E+01
 1257.000      1.187196E+01
 1258.000      1.187346E+01
 1259.000      1.187496E+01
 1260.000      1.187645E+01
 1261.000      1.187795E+01
 1262.000      1.187945E+01
 1263.000      1.188094E+01
 1264.000      1.188244E+01
 1265.000      1.188393E+01
 1266.000      1.188543E+01
 1267.000      1.188692E+01
 1268.000      1.188842E+01
 1269.000      1.188991E+01
 1270.000      1.189141E+01
 1271.000      1.189290E+01
 1272.000      1.189439E+01
 1273.000      1.189589E+01
 1274.000      1.189738E+01
 1275.000      1.189887E+01
 1276.000      1.190036E+01
 1277.000      1.190186E+01
 1278.000      1.190335E+01
 1279.000      1.190484E+01
 1280.000      1.190633E+01
 1281.000      1.190782E+01
 1282.000      1.190931E+01
 1283.000      1.191080E+01
 1284.000      1.191229E+01
 1285.000      1.191378E+01
 1286.000      1.191527E+01
 1287.000      1.191676E+01
 1288.000      1.191825E+01
 1289.000      1.191974E+01
 1290.000      1.192123E+01
 1291.000      1.192271E+01
 1292.000      1.192420E+01
 1293.000      1.192569E+01
 1294.000      1.192718E+01
 1295.000      1.192866E+01
 1296.000      1.193015E+01
 1297.000      1.193163E+01
 1298.000      1.193312E+01
 1299.000      1.193461E+01
 1300.000      1.193609E+01
 1301.000      1.193758E+01
 1302.000      1.193906E+01
 1303.000      1.194055E+01
 1304.000      1.194203E+01
 1305.000      1.194352E+01
 1306.000      1.194500E+01
 1307.000      1.194649E+01
 1308.000      1.194797E+01
 1309.000      1.194945E+01
 1310.000      1.195094E+01
 1311.000      1.195242E+01
 1312.000      1.195390E+01
 1313.000      1.195538E+01
 1314.000      1.195687E+01
 1315.000      1.195835E+01
 1316.000      1.195983E+01
 1317.000      1.196131E+01
 1318.000      1.196279E+01
 1319.000      1.196427E+01
 1320.000      1.196575E+01
 1321.000      1.196723E+01
 1322.000      1.196871E+01
 1323.000      1.197019E+01
 1324.000      1.197167E+01
 1325.000      1.197315E+01
 1326.000      1.197462E+01
 1327.000      1.197610E+01
 1328.000      1.197758E+01
 1329.000      1.197906E+01
 1330.000      1.198053E+01
 1331.000      1.198201E+01
 1332.000      1.198349E+01
 1333.000      1.198496E+01
 1334.000      1.198644E+01
 1335.000      1.198792E+01
 1336.000      1.198939E+01
 1337.000      1.199087E+01
 1338.000      1.199234E+01
 1339.000      1.199382E+01
 1340.000      1.199529E+01
 1341.000      1.199677E+01
 1342.000      1.199824E+01
 1343.000      1.199971E+01
 1344.000      1.200119E+01
 1345.000      1.200266E+01
 1346.000      1.200413E+01
 1347.000      1.200560E+01
 1348.000      1.200708E+01
 1349.000      1.200855E+01
 1350.000      1.201002E+01
 1351.000      1.201149E+01
 1352.000      1.201296E+01
 1353.000      1.201443E+01
 1354.000      1.201590E+01
 1355.000      1.201737E+01
 1356.000      1.201884E+01
 1357.000      1.202031E+01
 1358.000      1.202178E+01
 1359.000      1.202325E+01
 1360.000      1.202472E+01
 1361.000      1.202619E+01
 1362.000      1.202766E+01
 1363.000      1.202913E+01
 1364.000      1.203059E+01
 1365.000      1.203206E+01
 1366.000      1.203353E+01
 1367.000      1.203499E+01
 1368.000      1.203646E+01
 1369.000      1.203793E+01
 1370.000      1.203939E+01
 1371.000      1.204086E+01
 1372.000      1.204232E+01
 1373.000      1.204379E+01
 1374.000      1.204525E+01
 1375.000      1.204672E+01
 1376.000      1.204818E+01
 1377.000      1.204965E+01
 1378.000      1.205111E+01
 1379.000      1.205257E+01
 1380.000      1.205404E+01
 1381.000      1.205550E+01
 1382.000      1.205696E+01
 1383.000      1.205842E+01
 1384.000      1.205989E+01
 1385.000      1.206135E+01
 1386.000      1.206281E+01
 1387.000      1.206427E+01
 1388.000      1.206573E+01
 1389.000      1.206719E+01
 1390.000      1.206865E+01
 1391.000      1.207011E+01
 1392.000      1.207157E+01
 1393.000      1.207303E+01
 1394.000      1.207449E+01
 1395.000      1.207594E+01
 1396.000      1.207740E+01
 1397.000      1.207886E+01
 1398.000      1.208032E+01
 1399.000      1.208177E+01
 1400.000      1.208323E+01
 1401.000      1.208469E+01
 1402.000      1.208614E+01
 1403.000      1.208760E+01
 1404.000      1.208905E+01
 1405.000      1.209051E+01
 1406.000      1.209196E+01
 1407.000      1.209342E+01
 1408.000      1.209487E+01
 1409.000      1.209633E+01
 1410.000      1.209778E+01
 1411.000      1.209923E+01
 1412.000      1.210069E+01
 1413.000      1.210214E+01
 1414.000      1.210359E+01
 1415.000      1.210504E+01
 1416.000      1.210649E+01
 1417.000      1.210794E+01
 1418.000      1.210939E+01
 1419.000      1.211084E+01
 1420.000      1.211229E+01
 1421.000      1.211374E+01
 1422.000      1.211519E+01
 1423.000      1.211664E+01
 1424.000      1.211809E+01
 1425.000      1.211954E+01
 1426.000      1.212098E+01
 1427.000      1.212243E+01
 1428.000      1.212388E+01
 1429.000      1.212533E+01
 1430.000      1.212677E+01
 1431.000      1.212822E+01
 1432.000      1.212967E+01
 1433.000      1.213111E+01
 1434.000      1.213256E+01
 1435.000      1.213400E+01
 1436.000      1.213545E+01
 1437.000      1.213689E+01
 1438.000      1.213833E+01
 1439.000      1.213978E+01
 1440.000      1.214122E+01
 1441.000      1.214267E+01
 1442.000      1.214411E+01
 1443.000      1.214555E+01
 1444.000      1.214699E+01
 1445.000      1.214844E+01
 1446.000      1.214988E+01
 1447.000      1.215132E+01
 1448.000      1.215276E+01
 1449.000      1.215420E+01
 1450.000      1.215564E+01
 1451.000      1.215708E+01
 1452.000      1.215852E+01
 1453.000      1.215996E+01
 1454.000      1.216140E+01
 1455.000      1.216284E+01
 1456.000      1.216427E+01
 1457.000      1.216571E+01
 1458.000      1.216715E+01
 1459.000      1.216859E+01
 1460.000      1.217002E+01
 1461.000      1.217146E+01
 1462.000      1.217290E+01
 1463.000      1.217433E+01
 1464.000      1.217577E+01
 1465.000      1.217720E+01
 1466.000      1.217864E+01
 1467.000      1.218007E+01
 1468.000      1.218151E+01
 1469.000      1.218294E+01
 1470.000      1.218438E+01
 1471.000      1.218581E+01
 1472.000      1.218724E+01
 1473.000      1.218867E+01
 1474.000      1.219011E+01
 1475.000      1.219154E+01
 1476.000      1.219297E+01
 1477.000      1.219440E+01
 1478.000      1.219583E+01
 1479.000      1.219726E+01
 1480.000      1.219869E+01
 1481.000      1.220012E+01
 1482.000      1.220155E+01
 1483.000      1.220298E+01
 1484.000      1.220441E+01
 1485.000      1.220584E+01
 1486.000      1.220726E+01
 1487.000      1.220869E+01
 1488.000      1.221012E+01
 1489.000      1.221155E+01
 1490.000      1.221297E+01
 1491.000      1.221440E+01
 1492.000      1.221582E+01
 1493.000      1.221725E+01
 1494.000      1.221868E+01
 1495.000      1.222010E+01
 1496.000      1.222152E+01
 1497.000      1.222295E+01
 1498.000      1.222437E+01
 1499.000      1.222580E+01
 1500.000      1.222722E+01
 1501.000      1.222864E+01
 1502.000      1.223006E+01
 1503.000      1.223148E+01
 1504.000      1.223291E+01
 1505.000      1.223433E+01
 1506.000      1.223575E+01
 1507.000      1.223717E+01
 1508.000      1.223859E+01
 1509.000      1.224001E+01
 1510.000      1.224143E+01
 1511.000      1.224285E+01
 1512.000      1.224426E+01
 1513.000      1.224568E+01
 1514.000      1.224710E+01
 1515.000      1.224852E+01
 1516.000      1.224993E+01
 1517.000      1.225135E+01
 1518.000      1.225277E+01
 1519.000      1.225418E+01
 1520.000      1.225560E+01
 1521.000      1.225701E+01
 1522.000      1.225843E+01
 1523.000      1.225984E+01
 1524.000      1.226126E+01
 1525.000      1.226267E+01
 1526.000      1.226408E+01
 1527.000      1.226550E+01
 1528.000      1.226691E+01
 1529.000      1.226832E+01
 1530.000      1.226973E+01
 1531.000      1.227114E+01
 1532.000      1.227256E+01
 1533.000      1.227397E+01
 1534.000      1.227538E+01
 1535.000      1.227679E+01
 1536.000      1.227820E+01
 1537.000      1.227960E+01
 1538.000      1.228101E+01
 1539.000      1.228242E+01
 1540.000      1.228383E+01
 1541.000      1.228524E+01
 1542.000      1.228665E+01
 1543.000      1.228805E+01
 1544.000      1.228946E+01
 1545.000      1.229087E+01
 1546.000      1.229227E+01
 1547.000      1.229368E+01
 1548.000      1.229508E+01
 1549.000      1.229649E+01
 1550.000      1.229789E+01
 1551.000      1.229930E+01
 1552.000      1.230070E+01
 1553.000      1.230210E+01
 1554.000      1.230350E+01
 1555.000      1.230491E+01
 1556.000      1.230631E+01
 1557.000      1.230771E+01
 1558.000      1.230911E+01
 1559.000      1.231051E+01
 1560.000      1.231191E+01
 1561.000      1.231331E+01
 1562.000      1.231471E+01
 1563.000      1.231611E+01
 1564.000      1.231751E+01
 1565.000      1.231891E+01
 1566.000      1.232031E+01
 1567.000      1.232170E+01
 1568.000      1.232310E+01
 1569.000      1.232450E+01
 1570.000      1.232589E+01
 1571.000      1.232729E+01
 1572.000      1.232868E+01
 1573.000      1.233008E+01
 1574.000      1.233147E+01
 1575.000      1.233287E+01
 1576.000      1.233426E+01
 1577.000      1.233565E+01
 1578.000      1.233705E+01
 1579.000      1.233844E+01
 1580.000      1.233983E+01
 1581.000      1.234122E+01
 1582.000      1.234262E+01
 1583.000      1.234401E+01
 1584.000      1.234540E+01
 1585.000      1.234679E+01
 1586.000      1.234818E+01
 1587.000      1.234957E+01
 1588.000      1.235096E+01
 1589.000      1.235234E+01
 1590.000      1.235373E+01
 1591.000      1.235512E+01
 1592.000      1.235651E+01
 1593.000      1.235789E+01
 1594.000      1.235928E+01
 1595.000      1.236067E+01
 1596.000      1.236205E+01
 1597.000      1.236344E+01
 1598.000      1.236482E+01
 1599.000      1.236621E+01
 1600.000      1.236759E+01
 1601.000      1.236897E+01
 1602.000      1.237036E+01
 1603.000      1.237174E+01
 1604.000      1.237312E+01
 1605.000      1.237450E+01
 1606.000      1.237589E+01
 1607.000      1.237727E+01
 1608.000      1.237865E+01
 1609.000      1.238003E+01
 1610.000      1.238141E+01
 1611.000      1.238279E+01
 1612.000      1.238417E+01
 1613.000      1.238555E+01
 1614.000      1.238692E+01
 1615.000      1.238830E+01
 1616.000      1.238968E+01
 1617.000      1.239106E+01
 1618.000      1.239243E+01
 1619.000      1.239381E+01
 1620.000      1.239518E+01
 1621.000      1.239656E+01
 1622.000      1.239793E+01
 1623.000      1.239931E+01
 1624.000      1.240068E+01
 1625.000      1.240205E+01
 1626.000      1.240343E+01
 1627.000      1.240480E+01
 1628.000      1.240617E+01
 1629.000      1.240754E+01
 1630.000      1.240892E+01
 1631.000      1.241029E+01
 1632.000      1.241166E+01
 1633.000      1.241303E+01
 1634.000      1.241440E+01
 1635.000      1.241576E+01
 1636.000      1.241713E+01
 1637.000      1.241850E+01
 1638.000      1.241987E+01
 1639.000      1.242124E+01
 1640.000      1.242260E+01
 1641.000      1.242397E+01
 1642.000      1.242534E+01
 1643.000      1.242670E+01
 1644.000      1.242807E+01
 1645.000      1.242943E+01
 1646.000      1.243080E+01
 1647.000      1.243216E+01
 1648.000      1.243352E+01
 1649.000      1.243489E+01
 1650.000      1.243625E+01
 1651.000      1.243761E+01
 1652.000      1.243897E+01
 1653.000      1.244033E+01
 1654.000      1.244169E+01
 1655.000      1.244305E+01
 1656.000      1.244441E+01
 1657.000      1.244577E+01
 1658.000      1.244713E+01
 1659.000      1.244849E+01
 1660.000      1.244985E+01
 1661.000      1.245121E+01
 1662.000      1.245256E+01
 1663.000      1.245392E+01
 1664.000      1.245528E+01
 1665.000      1.245663E+01
 1666.000      1.245799E+01
 1667.000      1.245934E+01
 1668.000      1.246070E+01
 1669.000      1.246205E+01
 1670.000      1.246340E+01
 1671.000      1.246476E+01
 1672.000      1.246611E+01
 1673.000      1.246746E+01
 1674.000      1.246881E+01
 1675.000      1.247017E+01
 1676.000      1.247152E+01
 1677.000      1.247287E+01
 1678.000      1.247422E+01
 1679.000      1.247557E+01
 1680.000      1.247692E+01
 1681.000      1.247826E+01
 1682.000      1.247961E+01
 1683.000      1.248096E+01
 1684.000      1.248231E+01
 1685.000      1.248365E+01
 1686.000      1.248500E+01
 1687.000      1.248635E+01
 1688.000      1.248769E+01
 1689.000      1.248904E+01
 1690.000      1.249038E+01
 1691.000      1.249173E+01
 1692.000      1.249307E+01
 1693.000      1.249441E+01
 1694.000      1.249575E+01
 1695.000      1.249710E+01
 1696.000      1.249844E+01
 1697.000      1.249978E+01
 1698.000      1.250112E+01
 1699.000      1.250246E+01
 1700.000      1.250380E+01
 1701.000      1.250513E+01
 1702.000      1.250647E+01
 1703.000      1.250781E+01
 1704.000      1.250915E+01
 1705.000      1.251048E+01
 1706.000      1.251182E+01
 1707.000      1.251316E+01
 1708.000      1.251449E+01
 1709.000      1.251583E+01
 1710.000      1.251716E+01
 1711.000      1.251850E+01
 1712.000      1.251983E+01
 1713.000      1.252116E+01
 1714.000      1.252250E+01
 1715.000      1.252383E+01
 1716.000      1.252516E+01
 1717.000      1.252649E+01
 1718.000      1.252782E+01
 1719.000      1.252915E+01
 1720.000      1.253048E+01
 1721.000      1.253181E+01
 1722.000      1.253314E+01
 1723.000      1.253447E+01
 1724.000      1.253580E+01
 1725.000      1.253712E+01
 1726.000      1.253845E+01
 1727.000      1.253978E+01
 1728.000      1.254110E+01
 1729.000      1.254243E+01
 1730.000      1.254376E+01
 1731.000      1.254508E+01
 1732.000      1.254640E+01
 1733.000      1.254773E+01
 1734.000      1.254905E+01
 1735.000      1.255037E+01
 1736.000      1.255170E+01
 1737.000      1.255302E+01
 1738.000      1.255434E+01
 1739.000      1.255566E+01
 1740.000      1.255698E+01
 1741.000      1.255830E+01
 1742.000      1.255962E+01
 1743.000      1.256094E+01
 1744.000      1.256226E+01
 1745.000      1.256357E+01
 1746.000      1.256489E+01
 1747.000      1.256621E+01
 1748.000      1.256752E+01
 1749.000      1.256884E+01
 1750.000      1.257015E+01
 1751.000      1.257147E+01
 1752.000      1.257278E+01
 1753.000      1.257410E+01
 1754.000      1.257541E+01
 1755.000      1.257672E+01
 1756.000      1.257803E+01
 1757.000      1.257935E+01
 1758.000      1.258066E+01
 1759.000      1.258197E+01
 1760.000      1.258328E+01
 1761.000      1.258459E+01
 1762.000      1.258590E+01
 1763.000      1.258721E+01
 1764.000      1.258851E+01
 1765.000      1.258982E+01
 1766.000      1.259113E+01
 1767.000      1.259243E+01
 1768.000      1.259374E+01
 1769.000      1.259505E+01
 1770.000      1.259635E+01
 1771.000      1.259766E+01
 1772.000      1.259896E+01
 1773.000      1.260026E+01
 1774.000      1.260156E+01
 1775.000      1.260287E+01
 1776.000      1.260417E+01
 1777.000      1.260547E+01
 1778.000      1.260677E+01
 1779.000      1.260807E+01
 1780.000      1.260937E+01
 1781.000      1.261067E+01
 1782.000      1.261197E+01
 1783.000      1.261327E+01
 1784.000      1.261456E+01
 1785.000      1.261586E+01
 1786.000      1.261716E+01
 1787.000      1.261845E+01
 1788.000      1.261975E+01
 1789.000      1.262104E+01
 1790.000      1.262234E+01
 1791.000      1.262363E+01
 1792.000      1.262492E+01
 1793.000      1.262622E+01
 1794.000      1.262751E+01
 1795.000      1.262880E+01
 1796.000      1.263009E+01
 1797.000      1.263138E+01
 1798.000      1.263267E+01
 1799.000      1.263396E+01
 1800.000      1.263525E+01
 1801.000      1.263654E+01
 1802.000      1.263782E+01
 1803.000      1.263911E+01
 1804.000      1.264040E+01
 1805.000      1.264168E+01
 1806.000      1.264297E+01
 1807.000      1.264426E+01
 1808.000      1.264554E+01
 1809.000      1.264683E+01
 1810.000      1.264811E+01
 1811.000      1.264939E+01
 1812.000      1.265067E+01
 1813.000      1.265196E+01
 1814.000      1.265324E+01
 1815.000      1.265452E+01
 1816.000      1.265580E+01
 1817.000      1.265708E+01
 1818.000      1.265836E+01
 1819.000      1.265964E+01
 1820.000      1.266092E+01
 1821.000      1.266219E+01
 1822.000      1.266347E+01
 1823.000      1.266475E+01
 1824.000      1.266602E+01
 1825.000      1.266730E+01
 1826.000      1.266858E+01
 1827.000      1.266985E+01
 1828.000      1.267112E+01
 1829.000      1.267240E+01
 1830.000      1.267367E+01
 1831.000      1.267494E+01
 1832.000      1.267621E+01
 1833.000      1.267748E+01
 1834.000      1.267875E+01
 1835.000      1.268002E+01
 1836.000      1.268129E+01
 1837.000      1.268256E+01
 1838.000      1.268383E+01
 1839.000      1.268510E+01
 1840.000      1.268637E+01
 1841.000      1.268763E+01
 1842.000      1.268890E+01
 1843.000      1.269016E+01
 1844.000      1.269143E+01
 1845.000      1.269269E+01
 1846.000      1.269395E+01
 1847.000      1.269522E+01
 1848.000      1.269648E+01
 1849.000      1.269774E+01
 1850.000      1.269900E+01
 1851.000      1.270026E+01
 1852.000      1.270152E+01
 1853.000      1.270278E+01
 1854.000      1.270404E+01
 1855.000      1.270530E+01
 1856.000      1.270656E+01
 1857.000      1.270782E+01
 1858.000      1.270907E+01
 1859.000      1.271033E+01
 1860.000      1.271158E+01
 1861.000      1.271284E+01
 1862.000      1.271409E+01
 1863.000      1.271535E+01
 1864.000      1.271660E+01
 1865.000      1.271785E+01
 1866.000      1.271910E+01
 1867.000      1.272036E+01
 1868.000      1.272161E+01
 1869.000      1.272286E+01
 1870.000      1.272411E+01
 1871.000      1.272536E+01
 1872.000      1.272660E+01
 1873.000      1.272785E+01
 1874.000      1.272910E+01
 1875.000      1.273035E+01
 1876.000      1.273159E+01
 1877.000      1.273284E+01
 1878.000      1.273408E+01
 1879.000      1.273533E+01
 1880.000      1.273657E+01
 1881.000      1.273782E+01
 1882.000      1.273906E+01
 1883.000      1.274030E+01
 1884.000      1.274154E+01
 1885.000      1.274278E+01
 1886.000      1.274402E+01
 1887.000      1.274526E+01
 1888.000      1.274650E+01
 1889.000      1.274774E+01
 1890.000      1.274898E+01
 1891.000      1.275022E+01
 1892.000      1.275146E+01
 1893.000      1.275269E+01
 1894.000      1.275393E+01
 1895.000      1.275516E+01
 1896.000      1.275640E+01
 1897.000      1.275763E+01
 1898.000      1.275886E+01
 1899.000      1.276010E+01
 1900.000      1.276133E+01
 1901.000      1.276256E+01
 1902.000      1.276379E+01
 1903.000      1.276502E+01
 1904.000      1.276625E+01
 1905.000      1.276748E+01
 1906.000      1.276871E+01
 1907.000      1.276993E+01
 1908.000      1.277116E+01
 1909.000      1.277239E+01
 1910.000      1.277361E+01
 1911.000      1.277484E+01
 1912.000      1.277606E+01
 1913.000      1.277729E+01
 1914.000      1.277851E+01
 1915.000      1.277973E+01
 1916.000      1.278095E+01
 1917.000      1.278218E+01
 1918.000      1.278340E+01
 1919.000      1.278462E+01
 1920.000      1.278584E+01
 1921.000      1.278706E+01
 1922.000      1.278827E+01
 1923.000      1.278949E+01
 1924.000      1.279071E+01
 1925.000      1.279192E+01
 1926.000      1.279314E+01
 1927.000      1.279436E+01
 1928.000      1.279557E+01
 1929.000      1.279678E+01
 1930.000      1.279800E+01
 1931.000      1.279921E+01
 1932.000      1.280042E+01
 1933.000      1.280163E+01
 1934.000      1.280285E+01
 1935.000      1.280406E+01
 1936.000      1.280527E+01
 1937.000      1.280647E+01
 1938.000      1.280768E+01
 1939.000      1.280889E+01
 1940.000      1.281010E+01
 1941.000      1.281130E+01
 1942.000      1.281251E+01
 1943.000      1.281372E+01
 1944.000      1.281492E+01
 1945.000      1.281612E+01
 1946.000      1.281733E+01
 1947.000      1.281853E+01
 1948.000      1.281973E+01
 1949.000      1.282093E+01
 1950.000      1.282214E+01
 1951.000      1.282334E+01
 1952.000      1.282454E+01
 1953.000      1.282573E+01
 1954.000      1.282693E+01
 1955.000      1.282813E+01
 1956.000      1.282933E+01
 1957.000      1.283052E+01
 1958.000      1.283172E+01
 1959.000      1.283292E+01
 1960.000      1.283411E+01
 1961.000      1.283530E+01
 1962.000      1.283650E+01
 1963.000      1.283769E+01
 1964.000      1.283888E+01
 1965.000      1.284007E+01
 1966.000      1.284126E+01
 1967.000      1.284245E+01
 1968.000      1.284364E+01
 1969.000      1.284483E+01
 1970.000      1.284602E+01
 1971.000      1.284720E+01
 1972.000      1.284839E+01
 1973.000      1.284958E+01
 1974.000      1.285076E+01
 1975.000      1.285195E+01
 1976.000      1.285313E+01
 1977.000      1.285431E+01
 1978.000      1.285550E+01
 1979.000      1.285668E+01
 1980.000      1.285786E+01
 1981.000      1.285904E+01
 1982.000      1.286022E+01
 1983.000      1.286140E+01
 1984.000      1.286258E+01
 1985.000      1.286375E+01
 1986.000      1.286493E+01
 1987.000      1.286611E+01
 1988.000      1.286728E+01
 1989.000      1.286846E+01
 1990.000      1.286963E+01
 1991.000      1.287081E+01
 1992.000      1.287198E+01
 1993.000      1.287315E+01
 1994.000      1.287432E+01
 1995.000      1.287550E+01
 1996.000      1.287667E+01
 1997.000      1.287784E+01
 1998.000      1.287900E+01
 1999.000      1.288017E+01
 2000.000      1.288134E+01
 2001.000      1.288251E+01
 2002.000      1.288367E+01
 2003.000      1.288484E+01
 2004.000      1.288600E+01
 2005.000      1.288717E+01
 2006.000      1.288833E+01
 2007.000      1.288950E+01
 2008.000      1.289066E+01
 2009.000      1.289182E+01
 2010.000      1.289298E+01
 2011.000      1.289414E+01
 2012.000      1.289530E+01
 2013.000      1.289646E+01
 2014.000      1.289762E+01
 2015.000      1.289878E+01
 2016.000      1.289993E+01
 2017.000      1.290109E+01
 2018.000      1.290224E+01
 2019.000      1.290340E+01
 2020.000      1.290455E+01
 2021.000      1.290571E+01
 2022.000      1.290686E+01
 2023.000      1.290801E+01
 2024.000      1.290916E+01
 2025.000      1.291031E+01
 2026.000      1.291146E+01
 2027.000      1.291261E+01
 2028.000      1.291376E+01
 2029.000      1.291491E+01
 2030.000      1.291606E+01
 2031.000      1.291720E+01
 2032.000      1.291835E+01
 2033.000      1.291949E+01
 2034.000      1.292064E+01
 2035.000      1.292178E+01
 2036.000      1.292293E+01
 2037.000      1.292407E+01
 2038.000      1.292521E+01
 2039.000      1.292635E+01
 2040.000      1.292749E+01
 2041.000      1.292863E+01
 2042.000      1.292977E+01
 2043.000      1.293091E+01
 2044.000      1.293204E+01
 2045.000      1.293318E+01
 2046.000      1.293432E+01
 2047.000      1.293545E+01
 2048.000      1.293659E+01
 2049.000      1.293772E+01
 2050.000      1.293885E+01
 2051.000      1.293999E+01
 2052.000      1.294112E+01
 2053.000      1.294225E+01
 2054.000      1.294338E+01
 2055.000      1.294451E+01
 2056.000      1.294564E+01
 2057.000      1.294677E+01
 2058.000      1.294789E+01
 2059.000      1.294902E+01
 2060.000      1.295015E+01
 2061.000      1.295127E+01
 2062.000      1.295240E+01
 2063.000      1.295352E+01
 2064.000      1.295464E+01
 2065.000      1.295577E+01
 2066.000      1.295689E+01
 2067.000      1.295801E+01
 2068.000      1.295913E+01
 2069.000      1.296025E+01
 2070.000      1.296137E+01
 2071.000      1.296248E+01
 2072.000      1.296360E+01
 2073.000      1.296472E+01
 2074.000      1.296583E+01
 2075.000      1.296695E+01
 2076.000      1.296806E+01
 2077.000      1.296918E+01
 2078.000      1.297029E+01
 2079.000      1.297140E+01
 2080.000      1.297251E+01
 2081.000      1.297362E+01
 2082.000      1.297473E+01
 2083.000      1.297584E+01
 2084.000      1.297695E+01
 2085.000      1.297806E+01
 2086.000      1.297916E+01
 2087.000      1.298027E+01
 2088.000      1.298137E+01
 2089.000      1.298248E+01
 2090.000      1.298358E+01
 2091.000      1.298468E+01
 2092.000      1.298578E+01
 2093.000      1.298689E+01
 2094.000      1.298799E+01
 2095.000      1.298909E+01
 2096.000      1.299018E+01
 2097.000      1.299128E+01
 2098.000      1.299238E+01
 2099.000      1.299348E+01
 2100.000      1.299457E+01
 2101.000      1.299567E+01
 2102.000      1.299676E+01
 2103.000      1.299786E+01
 2104.000      1.299895E+01
 2105.000      1.300004E+01
 2106.000      1.300113E+01
 2107.000      1.300222E+01
 2108.000      1.300331E+01
 2109.000      1.300440E+01
 2110.000      1.300549E+01
 2111.000      1.300658E+01
 2112.000      1.300767E+01
 2113.000      1.300875E+01
 2114.000      1.300984E+01
 2115.000      1.301092E+01
 2116.000      1.301201E+01
 2117.000      1.301309E+01
 2118.000      1.301417E+01
 2119.000      1.301526E+01
 2120.000      1.301634E+01
 2121.000      1.301742E+01
 2122.000      1.301850E+01
 2123.000      1.301958E+01
 2124.000      1.302065E+01
 2125.000      1.302173E+01
 2126.000      1.302281E+01
 2127.000      1.302388E+01
 2128.000      1.302496E+01
 2129.000      1.302603E+01
 2130.000      1.302711E+01
 2131.000      1.302818E+01
 2132.000      1.302925E+01
 2133.000      1.303032E+01
 2134.000      1.303139E+01
 2135.000      1.303246E+01
 2136.000      1.303353E+01
 2137.000      1.303460E+01
 2138.000      1.303567E+01
 2139.000      1.303673E+01
 2140.000      1.303780E+01
 2141.000      1.303886E+01
 2142.000      1.303993E+01
 2143.000      1.304099E+01
 2144.000      1.304205E+01
 2145.000      1.304312E+01
 2146.000      1.304418E+01
 2147.000      1.304524E+01
 2148.000      1.304630E+01
 2149.000      1.304735E+01
 2150.000      1.304841E+01
 2151.000      1.304947E+01
 2152.000      1.305053E+01
 2153.000      1.305158E+01
 2154.000      1.305264E+01
 2155.000      1.305369E+01
 2156.000      1.305474E+01
 2157.000      1.305580E+01
 2158.000      1.305685E+01
 2159.000      1.305790E+01
 2160.000      1.305895E+01
 2161.000      1.306000E+01
 2162.000      1.306104E+01
 2163.000      1.306209E+01
 2164.000      1.306314E+01
 2165.000      1.306418E+01
 2166.000      1.306523E+01
 2167.000      1.306627E+01
 2168.000      1.306732E+01
 2169.000      1.306836E+01
 2170.000      1.306940E+01
 2171.000      1.307044E+01
 2172.000      1.307148E+01
 2173.000      1.307252E+01
 2174.000      1.307356E+01
 2175.000      1.307460E+01
 2176.000      1.307564E+01
 2177.000      1.307667E+01
 2178.000      1.307771E+01
 2179.000      1.307874E+01
 2180.000      1.307977E+01
 2181.000      1.308081E+01
 2182.000      1.308184E+01
 2183.000      1.308287E+01
 2184.000      1.308390E+01
 2185.000      1.308493E+01
 2186.000      1.308596E+01
 2187.000      1.308699E+01
 2188.000      1.308801E+01
 2189.000      1.308904E+01
 2190.000      1.309006E+01
 2191.000      1.309109E+01
 2192.000      1.309211E+01
 2193.000      1.309314E+01
 2194.000      1.309416E+01
 2195.000      1.309518E+01
 2196.000      1.309620E+01
 2197.000      1.309722E+01
 2198.000      1.309824E+01
 2199.000      1.309925E+01
 2200.000      1.310027E+01
 2201.000      1.310129E+01
 2202.000      1.310230E+01
 2203.000      1.310332E+01
 2204.000      1.310433E+01
 2205.000      1.310534E+01
 2206.000      1.310635E+01
 2207.000      1.310736E+01
 2208.000      1.310837E+01
 2209.000      1.310938E+01
 2210.000      1.311039E+01
 2211.000      1.311140E+01
 2212.000      1.311241E+01
 2213.000      1.311341E+01
 2214.000      1.311442E+01
 2215.000      1.311542E+01
 2216.000      1.311642E+01
 2217.000      1.311743E+01
 2218.000      1.311843E+01
 2219.000      1.311943E+01
 2220.000      1.312043E+01
 2221.000      1.312143E+01
 2222.000      1.312243E+01
 2223.000      1.312342E+01
 2224.000      1.312442E+01
 2225.000      1.312542E+01
 2226.000      1.312641E+01
 2227.000      1.312741E+01
 2228.000      1.312840E+01
 2229.000      1.312939E+01
 2230.000      1.313038E+01
 2231.000      1.313137E+01
 2232.000      1.313236E+01
 2233.000      1.313335E+01
 2234.000      1.313434E+01
 2235.000      1.313533E+01
 2236.000      1.313632E+01
 2237.000      1.313730E+01
 2238.000      1.313829E+01
 2239.000      1.313927E+01
 2240.000      1.314026E+01
 2241.000      1.314124E+01
 2242.000      1.314222E+01
 2243.000      1.314320E+01
 2244.000      1.314418E+01
 2245.000      1.314516E+01
 2246.000      1.314614E+01
 2247.000      1.314711E+01
 2248.000      1.314809E+01
 2249.000      1.314907E+01
 2250.000      1.315004E+01
 2251.000      1.315101E+01
 2252.000      1.315199E+01
 2253.000      1.315296E+01
 2254.000      1.315393E+01
 2255.000      1.315490E+01
 2256.000      1.315587E+01
 2257.000      1.315684E+01
 2258.000      1.315780E+01
 2259.000      1.315877E+01
 2260.000      1.315974E+01
 2261.000      1.316070E+01
 2262.000      1.316166E+01
 2263.000      1.316263E+01
 2264.000      1.316359E+01
 2265.000      1.316455E+01
 2266.000      1.316551E+01
 2267.000      1.316647E+01
 2268.000      1.316743E+01
 2269.000      1.316838E+01
 2270.000      1.316934E+01
 2271.000      1.317030E+01
 2272.000      1.317125E+01
 2273.000      1.317220E+01
 2274.000      1.317316E+01
 2275.000      1.317411E+01
 2276.000      1.317506E+01
 2277.000      1.317601E+01
 2278.000      1.317696E+01
 2279.000      1.317791E+01
 2280.000      1.317885E+01
 2281.000      1.317980E+01
 2282.000      1.318074E+01
 2283.000      1.318169E+01
 2284.000      1.318263E+01
 2285.000      1.318357E+01
 2286.000      1.318451E+01
 2287.000      1.318546E+01
 2288.000      1.318640E+01
 2289.000      1.318733E+01
 2290.000      1.318827E+01
 2291.000      1.318921E+01
 2292.000      1.319014E+01
 2293.000      1.319108E+01
 2294.000      1.319201E+01
 2295.000      1.319295E+01
 2296.000      1.319388E+01
 2297.000      1.319481E+01
 2298.000      1.319574E+01
 2299.000      1.319667E+01
 2300.000      1.319760E+01
 2301.000      1.319853E+01
 2302.000      1.319945E+01
 2303.000      1.320038E+01
 2304.000      1.320131E+01
 2305.000      1.320223E+01
 2306.000      1.320315E+01
 2307.000      1.320408E+01
 2308.000      1.320500E+01
 2309.000      1.320592E+01
 2310.000      1.320684E+01
 2311.000      1.320776E+01
 2312.000      1.320868E+01
 2313.000      1.320959E+01
 2314.000      1.321051E+01
 2315.000      1.321143E+01
 2316.000      1.321234E+01
 2317.000      1.321326E+01
 2318.000      1.321417E+01
 2319.000      1.321508E+01
 2320.000      1.321599E+01
 2321.000      1.321690E+01
 2322.000      1.321781E+01
 2323.000      1.321872E+01
 2324.000      1.321963E+01
 2325.000      1.322054E+01
 2326.000      1.322144E+01
 2327.000      1.322235E+01
 2328.000      1.322326E+01
 2329.000      1.322416E+01
 2330.000      1.322506E+01
 2331.000      1.322597E+01
 2332.000      1.322687E+01
 2333.000      1.322777E+01
 2334.000      1.322867E+01
 2335.000      1.322957E+01
 2336.000      1.323047E+01
 2337.000      1.323137E+01
 2338.000      1.323227E+01
 2339.000      1.323316E+01
 2340.000      1.323406E+01
 2341.000      1.323496E+01
 2342.000      1.323585E+01
 2343.000      1.323674E+01
 2344.000      1.323764E+01
 2345.000      1.323853E+01
 2346.000      1.323942E+01
 2347.000      1.324031E+01
 2348.000      1.324121E+01
 2349.000      1.324210E+01
 2350.000      1.324299E+01
 2351.000      1.324389E+01
 2352.000      1.324478E+01
 2353.000      1.324567E+01
 2354.000      1.324656E+01
 2355.000      1.324745E+01
 2356.000      1.324834E+01
 2357.000      1.324924E+01
 2358.000      1.325013E+01
 2359.000      1.325102E+01
 2360.000      1.325191E+01
 2361.000      1.325280E+01
 2362.000      1.325369E+01
 2363.000      1.325458E+01
 2364.000      1.325547E+01
 2365.000      1.325637E+01
 2366.000      1.325726E+01
 2367.000      1.325815E+01
 2368.000      1.325904E+01
 2369.000      1.325993E+01
 2370.000      1.326083E+01
 2371.000      1.326172E+01
 2372.000      1.326261E+01
 2373.000      1.326350E+01
 2374.000      1.326440E+01
 2375.000      1.326529E+01
 2376.000      1.326618E+01
 2377.000      1.326708E+01
 2378.000      1.326797E+01
 2379.000      1.326887E+01
 2380.000      1.326976E+01
 2381.000      1.327066E+01
 2382.000      1.327156E+01
 2383.000      1.327245E+01
 2384.000      1.327335E+01
 2385.000      1.327425E+01
 2386.000      1.327515E+01
 2387.000      1.327605E+01
 2388.000      1.327695E+01
 2389.000      1.327785E+01
 2390.000      1.327875E+01
 2391.000      1.327965E+01
 2392.000      1.328055E+01
 2393.000      1.328146E+01
 2394.000      1.328236E+01
 2395.000      1.328326E+01
 2396.000      1.328417E+01
 2397.000      1.328508E+01
 2398.000      1.328598E+01
 2399.000      1.328689E+01
 2400.000      1.328780E+01
 2401.000      1.328871E+01
 2402.000      1.328962E+01
 2403.000      1.329053E+01
 2404.000      1.329145E+01
 2405.000      1.329236E+01
 2406.000      1.329328E+01
 2407.000      1.329419E+01
 2408.000      1.329511E+01
 2409.000      1.329603E+01
 2410.000      1.329695E+01
 2411.000      1.329787E+01
 2412.000      1.329879E+01
 2413.000      1.329971E+01
 2414.000      1.330063E+01
 2415.000      1.330156E+01
 2416.000      1.330249E+01
 2417.000      1.330341E+01
 2418.000      1.330434E+01
 2419.000      1.330527E+01
 2420.000      1.330621E+01
 2421.000      1.330714E+01
 2422.000      1.330807E+01
 2423.000      1.330901E+01
 2424.000      1.330995E+01
 2425.000      1.331089E+01
 2426.000      1.331183E+01
 2427.000      1.331277E+01
 2428.000      1.331371E+01
 2429.000      1.331466E+01
 2430.000      1.331561E+01
 2431.000      1.331656E+01
 2432.000      1.331751E+01
 2433.000      1.331846E+01
 2434.000      1.331941E+01
 2435.000      1.332037E+01
 2436.000      1.332132E+01
 2437.000      1.332228E+01
 2438.000      1.332324E+01
 2439.000      1.332421E+01
 2440.000      1.332517E+01
 2441.000      1.332614E+01
 2442.000      1.332710E+01
 2443.000      1.332807E+01
 2444.000      1.332905E+01
 2445.000      1.333002E+01
 2446.000      1.333100E+01
 2447.000      1.333198E+01
 2448.000      1.333296E+01
 2449.000      1.333394E+01
 2450.000      1.333492E+01
 2451.000      1.333591E+01
 2452.000      1.333690E+01
 2453.000      1.333789E+01
 2454.000      1.333888E+01
 2455.000      1.333987E+01
 2456.000      1.334087E+01
 2457.000      1.334187E+01
 2458.000      1.334287E+01
 2459.000      1.334388E+01
 2460.000      1.334488E+01
 2461.000      1.334589E+01
 2462.000      1.334690E+01
 2463.000      1.334792E+01
 2464.000      1.334893E+01
 2465.000      1.334995E+01
 2466.000      1.335097E+01
 2467.000      1.335200E+01
 2468.000      1.335302E+01
 2469.000      1.335405E+01
 2470.000      1.335508E+01
 2471.000      1.335612E+01
 2472.000      1.335715E+01
 2473.000      1.335819E+01
 2474.000      1.335923E+01
 2475.000      1.336028E+01
 2476.000      1.336133E+01
 2477.000      1.336238E+01
 2478.000      1.336343E+01
 2479.000      1.336449E+01
 2480.000      1.336555E+01
 2481.000      1.336661E+01
 2482.000      1.336768E+01
 2483.000      1.336875E+01
 2484.000      1.336982E+01
 2485.000      1.337090E+01
 2486.000      1.337197E+01
 2487.000      1.337305E+01
 2488.000      1.337413E+01
 2489.000      1.337522E+01
 2490.000      1.337631E+01
 2491.000      1.337740E+01
 2492.000      1.337849E+01
 2493.000      1.337958E+01
 2494.000      1.338068E+01
 2495.000      1.338178E+01
 2496.000      1.338289E+01
 2497.000      1.338400E+01
 2498.000      1.338511E+01
 2499.000      1.338622E+01
 2500.000      1.338734E+01
 2501.000      1.338846E+01
 2502.000      1.338958E+01
 2503.000      1.339071E+01
 2504.000      1.339184E+01
 2505.000      1.339298E+01
 2506.000      1.339412E+01
 2507.000      1.339526E+01
 2508.000      1.339640E+01
 2509.000      1.339755E+01
 2510.000      1.339870E+01
 2511.000      1.339986E+01
 2512.000      1.340102E+01
 2513.000      1.340218E+01
 2514.000      1.340335E+01
 2515.000      1.340452E+01
 2516.000      1.340570E+01
 2517.000      1.340687E+01
 2518.000      1.340806E+01
 2519.000      1.340924E+01
 2520.000      1.341043E+01
 2521.000      1.341163E+01
 2522.000      1.341283E+01
 2523.000      1.341403E+01
 2524.000      1.341524E+01
 2525.000      1.341645E+01
 2526.000      1.341766E+01
 2527.000      1.341888E+01
 2528.000      1.342010E+01
 2529.000      1.342133E+01
 2530.000      1.342256E+01
 2531.000      1.342380E+01
 2532.000      1.342504E+01
 2533.000      1.342628E+01
 2534.000      1.342753E+01
 2535.000      1.342878E+01
 2536.000      1.343004E+01
 2537.000      1.343130E+01
 2538.000      1.343256E+01
 2539.000      1.343383E+01
 2540.000      1.343510E+01
 2541.000      1.343638E+01
 2542.000      1.343766E+01
 2543.000      1.343895E+01
 2544.000      1.344024E+01
 2545.000      1.344154E+01
 2546.000      1.344284E+01
 2547.000      1.344414E+01
 2548.000      1.344545E+01
 2549.000      1.344676E+01
 2550.000      1.344808E+01
 2551.000      1.344940E+01
 2552.000      1.345072E+01
 2553.000      1.345205E+01
 2554.000      1.345338E+01
 2555.000      1.345472E+01
 2556.000      1.345606E+01
 2557.000      1.345741E+01
 2558.000      1.345876E+01
 2559.000      1.346012E+01
 2560.000      1.346148E+01
 2561.000      1.346284E+01
 2562.000      1.346421E+01
 2563.000      1.346558E+01
 2564.000      1.346695E+01
 2565.000      1.346833E+01
 2566.000      1.346972E+01
 2567.000      1.347111E+01
 2568.000      1.347250E+01
 2569.000      1.347390E+01
 2570.000      1.347530E+01
 2571.000      1.347670E+01
 2572.000      1.347811E+01
 2573.000      1.347952E+01
 2574.000      1.348094E+01
 2575.000      1.348236E+01
 2576.000      1.348378E+01
 2577.000      1.348521E+01
 2578.000      1.348664E+01
 2579.000      1.348808E+01
 2580.000      1.348952E+01
 2581.000      1.349096E+01
 2582.000      1.349241E+01
 2583.000      1.349386E+01
 2584.000      1.349531E+01
 2585.000      1.349677E+01
 2586.000      1.349823E+01
 2587.000      1.349970E+01
 2588.000      1.350117E+01
 2589.000      1.350264E+01
 2590.000      1.350412E+01
 2591.000      1.350560E+01
 2592.000      1.350708E+01
 2593.000      1.350856E+01
 2594.000      1.351005E+01
 2595.000      1.351155E+01
 2596.000      1.351304E+01
 2597.000      1.351454E+01
 2598.000      1.351604E+01
 2599.000      1.351755E+01
 2600.000      1.351905E+01
 2601.000      1.352056E+01
 2602.000      1.352208E+01
 2603.000      1.352359E+01
 2604.000      1.352511E+01
 2605.000      1.352663E+01
 2606.000      1.352816E+01
 2607.000      1.352969E+01
 2608.000      1.353121E+01
 2609.000      1.353275E+01
 2610.000      1.353428E+01
 2611.000      1.353582E+01
 2612.000      1.353736E+01
 2613.000      1.353891E+01
 2614.000      1.354046E+01
 2615.000      1.354201E+01
 2616.000      1.354356E+01
 2617.000      1.354512E+01
 2618.000      1.354667E+01
 2619.000      1.354823E+01
 2620.000      1.354980E+01
 2621.000      1.355136E+01
 2622.000      1.355293E+01
 2623.000      1.355450E+01
 2624.000      1.355607E+01
 2625.000      1.355765E+01
 2626.000      1.355922E+01
 2627.000      1.356080E+01
 2628.000      1.356238E+01
 2629.000      1.356397E+01
 2630.000      1.356555E+01
 2631.000      1.356714E+01
 2632.000      1.356873E+01
 2633.000      1.357032E+01
 2634.000      1.357192E+01
 2635.000      1.357351E+01
 2636.000      1.357511E+01
 2637.000      1.357671E+01
 2638.000      1.357831E+01
 2639.000      1.357992E+01
 2640.000      1.358152E+01
 2641.000      1.358313E+01
 2642.000      1.358474E+01
 2643.000      1.358635E+01
 2644.000      1.358797E+01
 2645.000      1.358958E+01
 2646.000      1.359120E+01
 2647.000      1.359282E+01
 2648.000      1.359444E+01
 2649.000      1.359606E+01
 2650.000      1.359768E+01
 2651.000      1.359930E+01
 2652.000      1.360093E+01
 2653.000      1.360256E+01
 2654.000      1.360419E+01
 2655.000      1.360582E+01
 2656.000      1.360745E+01
 2657.000      1.360908E+01
 2658.000      1.361072E+01
 2659.000      1.361235E+01
 2660.000      1.361399E+01
 2661.000      1.361563E+01
 2662.000      1.361727E+01
 2663.000      1.361891E+01
 2664.000      1.362055E+01
 2665.000      1.362220E+01
 2666.000      1.362384E+01
 2667.000      1.362548E+01
 2668.000      1.362713E+01
 2669.000      1.362878E+01
 2670.000      1.363043E+01
 2671.000      1.363208E+01
 2672.000      1.363373E+01
 2673.000      1.363538E+01
 2674.000      1.363703E+01
 2675.000      1.363868E+01
 2676.000      1.364034E+01
 2677.000      1.364199E+01
 2678.000      1.364365E+01
 2679.000      1.364530E+01
 2680.000      1.364696E+01
 2681.000      1.364862E+01
 2682.000      1.365027E+01
 2683.000      1.365193E+01
 2684.000      1.365359E+01
 2685.000      1.365525E+01
 2686.000      1.365691E+01
 2687.000      1.365857E+01
 2688.000      1.366023E+01
 2689.000      1.366189E+01
 2690.000      1.366355E+01
 2691.000      1.366521E+01
 2692.000      1.366688E+01
 2693.000      1.366854E+01
 2694.000      1.367020E+01
 2695.000      1.367186E+01
 2696.000      1.367353E+01
 2697.000      1.367519E+01
 2698.000      1.367685E+01
 2699.000      1.367852E+01
 2700.000      1.368018E+01
 2701.000      1.368184E+01
 2702.000      1.368351E+01
 2703.000      1.368517E+01
 2704.000      1.368683E+01
 2705.000      1.368850E+01
 2706.000      1.369016E+01
 2707.000      1.369182E+01
 2708.000      1.369349E+01
 2709.000      1.369515E+01
 2710.000      1.369681E+01
 2711.000      1.369847E+01
 2712.000      1.370013E+01
 2713.000      1.370179E+01
 2714.000      1.370345E+01
 2715.000      1.370512E+01
 2716.000      1.370677E+01
 2717.000      1.370843E+01
 2718.000      1.371009E+01
 2719.000      1.371175E+01
 2720.000      1.371341E+01
 2721.000      1.371507E+01
 2722.000      1.371672E+01
 2723.000      1.371838E+01
 2724.000      1.372003E+01
 2725.000      1.372169E+01
 2726.000      1.372334E+01
 2727.000      1.372499E+01
 2728.000      1.372664E+01
 2729.000      1.372829E+01
 2730.000      1.372994E+01
 2731.000      1.373159E+01
 2732.000      1.373324E+01
 2733.000      1.373489E+01
 2734.000      1.373653E+01
 2735.000      1.373818E+01
 2736.000      1.373982E+01
 2737.000      1.374146E+01
 2738.000      1.374310E+01
 2739.000      1.374474E+01
 2740.000      1.374638E+01
 2741.000      1.374802E+01
 2742.000      1.374878E+01
 2743.000      1.374950E+01
 2744.000      1.375022E+01
 2745.000      1.375092E+01
 2746.000      1.375161E+01
 2747.000      1.375230E+01
 2748.000      1.375297E+01
 2749.000      1.375363E+01
 2750.000      1.375429E+01
 2751.000      1.375493E+01
 2752.000      1.375557E+01
 2753.000      1.375620E+01
 2754.000      1.375682E+01
 2755.000      1.375743E+01
 2756.000      1.375804E+01
 2757.000      1.375864E+01
 2758.000      1.375924E+01
 2759.000      1.375983E+01
 2760.000      1.376041E+01
 2761.000      1.376099E+01
 2762.000      1.376156E+01
 2763.000      1.376213E+01
 2764.000      1.376270E+01
 2765.000      1.376326E+01
 2766.000      1.376381E+01
 2767.000      1.376437E+01
 2768.000      1.376492E+01
 2769.000      1.376546E+01
 2770.000      1.376601E+01
 2771.000      1.376655E+01
 2772.000      1.376709E+01
 2773.000      1.376762E+01
 2774.000      1.376816E+01
 2775.000      1.376869E+01
 2776.000      1.376922E+01
 2777.000      1.376976E+01
 2778.000      1.377029E+01
 2779.000      1.377081E+01
 2780.000      1.377134E+01
 2781.000      1.377187E+01
 2782.000      1.377240E+01
 2783.000      1.377292E+01
 2784.000      1.377345E+01
 2785.000      1.377397E+01
 2786.000      1.377450E+01
 2787.000      1.377503E+01
 2788.000      1.377555E+01
 2789.000      1.377608E+01
 2790.000      1.377661E+01
 2791.000      1.377713E+01
 2792.000      1.377766E+01
 2793.000      1.377819E+01
 2794.000      1.377872E+01
 2795.000      1.377925E+01
 2796.000      1.377978E+01
 2797.000      1.378031E+01
 2798.000      1.378084E+01
 2799.000      1.378138E+01
 2800.000      1.378191E+01
 2801.000      1.378245E+01
 2802.000      1.378298E+01
 2803.000      1.378352E+01
 2804.000      1.378405E+01
 2805.000      1.378459E+01
 2806.000      1.378513E+01
 2807.000      1.378567E+01
 2808.000      1.378621E+01
 2809.000      1.378675E+01
 2810.000      1.378729E+01
 2811.000      1.378783E+01
 2812.000      1.378837E+01
 2813.000      1.378892E+01
 2814.000      1.378946E+01
 2815.000      1.379000E+01
 2816.000      1.379054E+01
 2817.000      1.379108E+01
 2818.000      1.379162E+01
 2819.000      1.379216E+01
 2820.000      1.379270E+01
 2821.000      1.379324E+01
 2822.000      1.379378E+01
 2823.000      1.379432E+01
 2824.000      1.379485E+01
 2825.000      1.379539E+01
 2826.000      1.379592E+01
 2827.000      1.379645E+01
 2828.000      1.379698E+01
 2829.000      1.379750E+01
 2830.000      1.379803E+01
 2831.000      1.379855E+01
 2832.000      1.379906E+01
 2833.000      1.379958E+01
 2834.000      1.380009E+01
 2835.000      1.380059E+01
 2836.000      1.380110E+01
 2837.000      1.380159E+01
 2838.000      1.380209E+01
 2839.000      1.380258E+01
 2840.000      1.380306E+01
 2841.000      1.380354E+01
 2842.000      1.380401E+01
 2843.000      1.380447E+01
 2844.000      1.380493E+01
 2845.000      1.380538E+01
 2846.000      1.380583E+01
 2847.000      1.380626E+01
 2848.000      1.380669E+01
 2849.000      1.380711E+01
 2850.000      1.380752E+01
 2851.000      1.380793E+01
 2852.000      1.380832E+01
 2853.000      1.380870E+01
 2854.000      1.380908E+01
 2855.000      1.380944E+01
 2856.000      1.380979E+01
 2857.000      1.381013E+01
 2858.000      1.381045E+01
 2859.000      1.381077E+01
 2860.000      1.381107E+01
 2861.000      1.381136E+01
 2862.000      1.381163E+01
 2863.000      1.381189E+01
 2864.000      1.381213E+01
 2865.000      1.381236E+01
 2866.000      1.381258E+01
 2867.000      1.381277E+01
 2868.000      1.381295E+01
 2869.000      1.381311E+01
 2870.000      1.381326E+01
 2871.000      1.381338E+01
 2872.000      1.381349E+01
 2873.000      1.381358E+01
 2874.000      1.381364E+01
 2875.000      1.381369E+01
 2876.000      1.381371E+01
 2877.000      1.381371E+01
 2878.000      1.381369E+01
 2879.000      1.381365E+01
 2880.000      1.381358E+01
 2881.000      1.381349E+01
 2882.000      1.381337E+01
 2883.000      1.381323E+01
 2884.000      1.381306E+01
 2885.000      1.381286E+01
 2886.000      1.381264E+01
 2887.000      1.381238E+01
 2888.000      1.381210E+01
 2889.000      1.381179E+01
 2890.000      1.381145E+01
 2891.000      1.381108E+01
