#ndep: 2892
#lat lon: -28 140
#depth (km)     Vs (km/s)
    0.000      1.239234E+00
    1.000      2.195422E+00
    2.000      2.845524E+00
    3.000      3.256757E+00
    4.000      3.488772E+00
    5.000      3.593657E+00
    6.000      3.615933E+00
    7.000      3.592557E+00
    8.000      3.552922E+00
    9.000      3.518854E+00
   10.000      3.504614E+00
   11.000      3.516899E+00
   12.000      3.554839E+00
   13.000      3.609998E+00
   14.000      3.666374E+00
   15.000      3.700396E+00
   16.000      3.642474E+00
   17.000      3.641213E+00
   18.000      3.677028E+00
   19.000      3.735477E+00
   20.000      3.804342E+00
   21.000      3.873627E+00
   22.000      3.935556E+00
   23.000      3.984580E+00
   24.000      4.017367E+00
   25.000      4.032811E+00
   26.000      4.032028E+00
   27.000      4.018356E+00
   28.000      3.997353E+00
   29.000      3.976804E+00
   30.000      3.966712E+00
   31.000      3.979306E+00
   32.000      4.029033E+00
   33.000      4.132568E+00
   34.000      4.308802E+00
   35.000      4.578854E+00
   36.000      4.598006E+00
   37.000      4.596811E+00
   38.000      4.595632E+00
   39.000      4.594470E+00
   40.000      4.593325E+00
   41.000      4.592198E+00
   42.000      4.591090E+00
   43.000      4.590002E+00
   44.000      4.588934E+00
   45.000      4.587887E+00
   46.000      4.586862E+00
   47.000      4.585859E+00
   48.000      4.584879E+00
   49.000      4.583923E+00
   50.000      4.582991E+00
   51.000      4.582084E+00
   52.000      4.581203E+00
   53.000      4.580348E+00
   54.000      4.579520E+00
   55.000      4.578719E+00
   56.000      4.577946E+00
   57.000      4.577201E+00
   58.000      4.576486E+00
   59.000      4.575799E+00
   60.000      4.575143E+00
   61.000      4.574518E+00
   62.000      4.573923E+00
   63.000      4.573360E+00
   64.000      4.572828E+00
   65.000      4.572329E+00
   66.000      4.571863E+00
   67.000      4.571430E+00
   68.000      4.571030E+00
   69.000      4.570665E+00
   70.000      4.570334E+00
   71.000      4.570037E+00
   72.000      4.569776E+00
   73.000      4.569550E+00
   74.000      4.569359E+00
   75.000      4.569205E+00
   76.000      4.569087E+00
   77.000      4.569006E+00
   78.000      4.568962E+00
   79.000      4.568954E+00
   80.000      4.568984E+00
   81.000      4.569052E+00
   82.000      4.569158E+00
   83.000      4.569301E+00
   84.000      4.569483E+00
   85.000      4.569703E+00
   86.000      4.569962E+00
   87.000      4.570260E+00
   88.000      4.570571E+00
   89.000      4.570915E+00
   90.000      4.571292E+00
   91.000      4.571699E+00
   92.000      4.572137E+00
   93.000      4.572606E+00
   94.000      4.573103E+00
   95.000      4.573630E+00
   96.000      4.574184E+00
   97.000      4.574766E+00
   98.000      4.575374E+00
   99.000      4.576013E+00
  100.000      4.576662E+00
  101.000      4.577334E+00
  102.000      4.578029E+00
  103.000      4.578746E+00
  104.000      4.579486E+00
  105.000      4.580248E+00
  106.000      4.581031E+00
  107.000      4.581836E+00
  108.000      4.582661E+00
  109.000      4.583505E+00
  110.000      4.584369E+00
  111.000      4.585252E+00
  112.000      4.586152E+00
  113.000      4.587069E+00
  114.000      4.588003E+00
  115.000      4.588952E+00
  116.000      4.589916E+00
  117.000      4.590893E+00
  118.000      4.591883E+00
  119.000      4.592886E+00
  120.000      4.593898E+00
  121.000      4.594875E+00
  122.000      4.595868E+00
  123.000      4.596877E+00
  124.000      4.597899E+00
  125.000      4.598933E+00
  126.000      4.599978E+00
  127.000      4.601031E+00
  128.000      4.602092E+00
  129.000      4.603159E+00
  130.000      4.604231E+00
  131.000      4.605307E+00
  132.000      4.606385E+00
  133.000      4.607464E+00
  134.000      4.608544E+00
  135.000      4.609622E+00
  136.000      4.610698E+00
  137.000      4.611771E+00
  138.000      4.612841E+00
  139.000      4.613905E+00
  140.000      4.614963E+00
  141.000      4.616015E+00
  142.000      4.617060E+00
  143.000      4.618097E+00
  144.000      4.619124E+00
  145.000      4.620143E+00
  146.000      4.621151E+00
  147.000      4.622149E+00
  148.000      4.623136E+00
  149.000      4.624112E+00
  150.000      4.625075E+00
  151.000      4.626027E+00
  152.000      4.626965E+00
  153.000      4.627891E+00
  154.000      4.628804E+00
  155.000      4.629704E+00
  156.000      4.630591E+00
  157.000      4.631463E+00
  158.000      4.632323E+00
  159.000      4.633169E+00
  160.000      4.634001E+00
  161.000      4.634821E+00
  162.000      4.635626E+00
  163.000      4.636419E+00
  164.000      4.637199E+00
  165.000      4.637967E+00
  166.000      4.638722E+00
  167.000      4.639466E+00
  168.000      4.640198E+00
  169.000      4.640919E+00
  170.000      4.641629E+00
  171.000      4.642332E+00
  172.000      4.643021E+00
  173.000      4.643699E+00
  174.000      4.644364E+00
  175.000      4.645017E+00
  176.000      4.645658E+00
  177.000      4.646288E+00
  178.000      4.646906E+00
  179.000      4.647512E+00
  180.000      4.648108E+00
  181.000      4.648693E+00
  182.000      4.649266E+00
  183.000      4.649829E+00
  184.000      4.650381E+00
  185.000      4.650923E+00
  186.000      4.651454E+00
  187.000      4.651975E+00
  188.000      4.652486E+00
  189.000      4.652986E+00
  190.000      4.653476E+00
  191.000      4.653957E+00
  192.000      4.654427E+00
  193.000      4.654887E+00
  194.000      4.655338E+00
  195.000      4.655778E+00
  196.000      4.656209E+00
  197.000      4.656630E+00
  198.000      4.657041E+00
  199.000      4.657442E+00
  200.000      4.657834E+00
  201.000      4.658215E+00
  202.000      4.658587E+00
  203.000      4.658949E+00
  204.000      4.659301E+00
  205.000      4.659643E+00
  206.000      4.659975E+00
  207.000      4.660296E+00
  208.000      4.660608E+00
  209.000      4.660909E+00
  210.000      4.661201E+00
  211.000      4.661481E+00
  212.000      4.661751E+00
  213.000      4.662011E+00
  214.000      4.662260E+00
  215.000      4.662498E+00
  216.000      4.662725E+00
  217.000      4.662941E+00
  218.000      4.663145E+00
  219.000      4.663338E+00
  220.000      4.663520E+00
  221.000      4.663838E+00
  222.000      4.664026E+00
  223.000      4.664204E+00
  224.000      4.664371E+00
  225.000      4.664529E+00
  226.000      4.664677E+00
  227.000      4.664817E+00
  228.000      4.664949E+00
  229.000      4.665072E+00
  230.000      4.665189E+00
  231.000      4.665299E+00
  232.000      4.665404E+00
  233.000      4.665502E+00
  234.000      4.665595E+00
  235.000      4.665684E+00
  236.000      4.665768E+00
  237.000      4.665849E+00
  238.000      4.665927E+00
  239.000      4.666002E+00
  240.000      4.666075E+00
  241.000      4.666146E+00
  242.000      4.666216E+00
  243.000      4.666285E+00
  244.000      4.666354E+00
  245.000      4.666424E+00
  246.000      4.666494E+00
  247.000      4.666566E+00
  248.000      4.666639E+00
  249.000      4.666715E+00
  250.000      4.666793E+00
  251.000      4.666875E+00
  252.000      4.666960E+00
  253.000      4.667050E+00
  254.000      4.667144E+00
  255.000      4.667243E+00
  256.000      4.667348E+00
  257.000      4.667459E+00
  258.000      4.667577E+00
  259.000      4.667702E+00
  260.000      4.667834E+00
  261.000      4.667975E+00
  262.000      4.668124E+00
  263.000      4.668281E+00
  264.000      4.668449E+00
  265.000      4.668626E+00
  266.000      4.668814E+00
  267.000      4.669012E+00
  268.000      4.669222E+00
  269.000      4.669443E+00
  270.000      4.669677E+00
  271.000      4.669924E+00
  272.000      4.670183E+00
  273.000      4.670456E+00
  274.000      4.670744E+00
  275.000      4.671046E+00
  276.000      4.671363E+00
  277.000      4.671695E+00
  278.000      4.672044E+00
  279.000      4.672408E+00
  280.000      4.672790E+00
  281.000      4.673189E+00
  282.000      4.673606E+00
  283.000      4.674041E+00
  284.000      4.674494E+00
  285.000      4.674967E+00
  286.000      4.675459E+00
  287.000      4.675971E+00
  288.000      4.676504E+00
  289.000      4.677058E+00
  290.000      4.677632E+00
  291.000      4.678229E+00
  292.000      4.678848E+00
  293.000      4.679490E+00
  294.000      4.680154E+00
  295.000      4.680843E+00
  296.000      4.681555E+00
  297.000      4.682292E+00
  298.000      4.683053E+00
  299.000      4.683840E+00
  300.000      4.684653E+00
  301.000      4.685492E+00
  302.000      4.686357E+00
  303.000      4.687249E+00
  304.000      4.688169E+00
  305.000      4.689117E+00
  306.000      4.690093E+00
  307.000      4.691098E+00
  308.000      4.692132E+00
  309.000      4.693196E+00
  310.000      4.694290E+00
  311.000      4.695414E+00
  312.000      4.696569E+00
  313.000      4.697755E+00
  314.000      4.698973E+00
  315.000      4.700223E+00
  316.000      4.701409E+00
  317.000      4.702618E+00
  318.000      4.703847E+00
  319.000      4.705097E+00
  320.000      4.706365E+00
  321.000      4.707651E+00
  322.000      4.708954E+00
  323.000      4.710273E+00
  324.000      4.711607E+00
  325.000      4.712955E+00
  326.000      4.714317E+00
  327.000      4.715690E+00
  328.000      4.717075E+00
  329.000      4.718470E+00
  330.000      4.719876E+00
  331.000      4.721290E+00
  332.000      4.722712E+00
  333.000      4.724141E+00
  334.000      4.725577E+00
  335.000      4.727019E+00
  336.000      4.728465E+00
  337.000      4.729916E+00
  338.000      4.731371E+00
  339.000      4.732829E+00
  340.000      4.734289E+00
  341.000      4.735751E+00
  342.000      4.737213E+00
  343.000      4.738677E+00
  344.000      4.740140E+00
  345.000      4.741602E+00
  346.000      4.743063E+00
  347.000      4.744523E+00
  348.000      4.745980E+00
  349.000      4.747434E+00
  350.000      4.748885E+00
  351.000      4.750332E+00
  352.000      4.751776E+00
  353.000      4.753214E+00
  354.000      4.754648E+00
  355.000      4.756076E+00
  356.000      4.757499E+00
  357.000      4.758916E+00
  358.000      4.760326E+00
  359.000      4.761729E+00
  360.000      4.763126E+00
  361.000      4.764515E+00
  362.000      4.765896E+00
  363.000      4.767270E+00
  364.000      4.768636E+00
  365.000      4.769994E+00
  366.000      4.771343E+00
  367.000      4.772684E+00
  368.000      4.774016E+00
  369.000      4.775339E+00
  370.000      4.776653E+00
  371.000      4.777958E+00
  372.000      4.779254E+00
  373.000      4.780541E+00
  374.000      4.781819E+00
  375.000      4.783087E+00
  376.000      4.784346E+00
  377.000      4.785596E+00
  378.000      4.786837E+00
  379.000      4.788069E+00
  380.000      4.789291E+00
  381.000      4.790505E+00
  382.000      4.791710E+00
  383.000      4.792905E+00
  384.000      4.794093E+00
  385.000      4.795272E+00
  386.000      4.796442E+00
  387.000      4.797605E+00
  388.000      4.798759E+00
  389.000      4.799906E+00
  390.000      4.801046E+00
  391.000      4.802178E+00
  392.000      4.803304E+00
  393.000      4.804423E+00
  394.000      4.805535E+00
  395.000      4.806642E+00
  396.000      4.807744E+00
  397.000      4.808840E+00
  398.000      4.809932E+00
  399.000      4.811019E+00
  400.000      4.812102E+00
  401.000      4.813182E+00
  402.000      4.814259E+00
  403.000      4.815334E+00
  404.000      4.816406E+00
  405.000      4.817477E+00
  406.000      4.818547E+00
  407.000      4.819617E+00
  408.000      4.820687E+00
  409.000      4.821757E+00
  410.000      5.008284E+00
  411.000      5.011294E+00
  412.000      5.014287E+00
  413.000      5.017266E+00
  414.000      5.020229E+00
  415.000      5.023177E+00
  416.000      5.026111E+00
  417.000      5.029030E+00
  418.000      5.031934E+00
  419.000      5.034824E+00
  420.000      5.037700E+00
  421.000      5.040563E+00
  422.000      5.043411E+00
  423.000      5.046246E+00
  424.000      5.049067E+00
  425.000      5.051875E+00
  426.000      5.054670E+00
  427.000      5.057452E+00
  428.000      5.060222E+00
  429.000      5.062979E+00
  430.000      5.065723E+00
  431.000      5.068456E+00
  432.000      5.071176E+00
  433.000      5.073885E+00
  434.000      5.076582E+00
  435.000      5.079268E+00
  436.000      5.081942E+00
  437.000      5.084606E+00
  438.000      5.087259E+00
  439.000      5.089901E+00
  440.000      5.092532E+00
  441.000      5.095153E+00
  442.000      5.097765E+00
  443.000      5.100366E+00
  444.000      5.102958E+00
  445.000      5.105540E+00
  446.000      5.108113E+00
  447.000      5.110677E+00
  448.000      5.113232E+00
  449.000      5.115778E+00
  450.000      5.118316E+00
  451.000      5.120845E+00
  452.000      5.123367E+00
  453.000      5.125880E+00
  454.000      5.128386E+00
  455.000      5.130885E+00
  456.000      5.133376E+00
  457.000      5.135860E+00
  458.000      5.138337E+00
  459.000      5.140808E+00
  460.000      5.143272E+00
  461.000      5.145730E+00
  462.000      5.148181E+00
  463.000      5.150628E+00
  464.000      5.153068E+00
  465.000      5.155503E+00
  466.000      5.157933E+00
  467.000      5.160358E+00
  468.000      5.162778E+00
  469.000      5.165194E+00
  470.000      5.167606E+00
  471.000      5.170013E+00
  472.000      5.172416E+00
  473.000      5.174816E+00
  474.000      5.177213E+00
  475.000      5.179606E+00
  476.000      5.181996E+00
  477.000      5.184384E+00
  478.000      5.186769E+00
  479.000      5.189152E+00
  480.000      5.191532E+00
  481.000      5.193911E+00
  482.000      5.196288E+00
  483.000      5.198664E+00
  484.000      5.201039E+00
  485.000      5.203413E+00
  486.000      5.205786E+00
  487.000      5.208158E+00
  488.000      5.210531E+00
  489.000      5.212903E+00
  490.000      5.215276E+00
  491.000      5.217649E+00
  492.000      5.220023E+00
  493.000      5.222397E+00
  494.000      5.224773E+00
  495.000      5.227151E+00
  496.000      5.229530E+00
  497.000      5.231911E+00
  498.000      5.234294E+00
  499.000      5.236679E+00
  500.000      5.239068E+00
  501.000      5.241459E+00
  502.000      5.243853E+00
  503.000      5.246251E+00
  504.000      5.248652E+00
  505.000      5.251057E+00
  506.000      5.253464E+00
  507.000      5.255875E+00
  508.000      5.258288E+00
  509.000      5.260704E+00
  510.000      5.263124E+00
  511.000      5.265546E+00
  512.000      5.267971E+00
  513.000      5.270400E+00
  514.000      5.272831E+00
  515.000      5.275265E+00
  516.000      5.277702E+00
  517.000      5.280143E+00
  518.000      5.282586E+00
  519.000      5.285032E+00
  520.000      5.287481E+00
  521.000      5.289933E+00
  522.000      5.292388E+00
  523.000      5.294846E+00
  524.000      5.297306E+00
  525.000      5.299770E+00
  526.000      5.302236E+00
  527.000      5.304706E+00
  528.000      5.307178E+00
  529.000      5.309653E+00
  530.000      5.312131E+00
  531.000      5.314612E+00
  532.000      5.317096E+00
  533.000      5.319582E+00
  534.000      5.322072E+00
  535.000      5.324564E+00
  536.000      5.327059E+00
  537.000      5.329556E+00
  538.000      5.332057E+00
  539.000      5.334560E+00
  540.000      5.337066E+00
  541.000      5.339575E+00
  542.000      5.342086E+00
  543.000      5.344600E+00
  544.000      5.347117E+00
  545.000      5.349636E+00
  546.000      5.352159E+00
  547.000      5.354683E+00
  548.000      5.357211E+00
  549.000      5.359741E+00
  550.000      5.362274E+00
  551.000      5.364809E+00
  552.000      5.367347E+00
  553.000      5.369887E+00
  554.000      5.372430E+00
  555.000      5.374976E+00
  556.000      5.377524E+00
  557.000      5.380074E+00
  558.000      5.382627E+00
  559.000      5.385183E+00
  560.000      5.387741E+00
  561.000      5.390302E+00
  562.000      5.392864E+00
  563.000      5.395430E+00
  564.000      5.397997E+00
  565.000      5.400567E+00
  566.000      5.403140E+00
  567.000      5.405715E+00
  568.000      5.408292E+00
  569.000      5.410871E+00
  570.000      5.413453E+00
  571.000      5.416037E+00
  572.000      5.418623E+00
  573.000      5.421211E+00
  574.000      5.423802E+00
  575.000      5.426395E+00
  576.000      5.428990E+00
  577.000      5.431587E+00
  578.000      5.434186E+00
  579.000      5.436787E+00
  580.000      5.439391E+00
  581.000      5.441996E+00
  582.000      5.444604E+00
  583.000      5.447213E+00
  584.000      5.449825E+00
  585.000      5.452439E+00
  586.000      5.455054E+00
  587.000      5.457672E+00
  588.000      5.460291E+00
  589.000      5.462912E+00
  590.000      5.465535E+00
  591.000      5.468160E+00
  592.000      5.470787E+00
  593.000      5.473416E+00
  594.000      5.476046E+00
  595.000      5.478678E+00
  596.000      5.481312E+00
  597.000      5.483948E+00
  598.000      5.486585E+00
  599.000      5.489224E+00
  600.000      5.491879E+00
  601.000      5.494495E+00
  602.000      5.497114E+00
  603.000      5.499736E+00
  604.000      5.502361E+00
  605.000      5.504987E+00
  606.000      5.507615E+00
  607.000      5.510245E+00
  608.000      5.512874E+00
  609.000      5.515504E+00
  610.000      5.518133E+00
  611.000      5.520761E+00
  612.000      5.523389E+00
  613.000      5.526015E+00
  614.000      5.528639E+00
  615.000      5.531262E+00
  616.000      5.533883E+00
  617.000      5.536502E+00
  618.000      5.539118E+00
  619.000      5.541733E+00
  620.000      5.544345E+00
  621.000      5.546955E+00
  622.000      5.549563E+00
  623.000      5.552169E+00
  624.000      5.554773E+00
  625.000      5.557375E+00
  626.000      5.559977E+00
  627.000      5.562576E+00
  628.000      5.565176E+00
  629.000      5.567774E+00
  630.000      5.570373E+00
  631.000      5.572972E+00
  632.000      5.575571E+00
  633.000      5.578172E+00
  634.000      5.580775E+00
  635.000      5.583380E+00
  636.000      5.585988E+00
  637.000      5.588600E+00
  638.000      5.591216E+00
  639.000      5.593837E+00
  640.000      5.596464E+00
  641.000      5.599098E+00
  642.000      5.601740E+00
  643.000      5.604389E+00
  644.000      5.607049E+00
  645.000      5.609718E+00
  646.000      5.612399E+00
  647.000      5.615092E+00
  648.000      5.617799E+00
  649.000      5.620521E+00
  650.000      5.623258E+00
  651.000      6.002199E+00
  652.000      6.001585E+00
  653.000      6.001273E+00
  654.000      6.001246E+00
  655.000      6.001485E+00
  656.000      6.001973E+00
  657.000      6.002694E+00
  658.000      6.003631E+00
  659.000      6.004769E+00
  660.000      6.006093E+00
  661.000      6.007587E+00
  662.000      6.009239E+00
  663.000      6.011034E+00
  664.000      6.012959E+00
  665.000      6.015002E+00
  666.000      6.017151E+00
  667.000      6.019394E+00
  668.000      6.021720E+00
  669.000      6.024118E+00
  670.000      6.026580E+00
  671.000      6.029094E+00
  672.000      6.031653E+00
  673.000      6.034248E+00
  674.000      6.036870E+00
  675.000      6.039514E+00
  676.000      6.042170E+00
  677.000      6.044835E+00
  678.000      6.047500E+00
  679.000      6.050162E+00
  680.000      6.052815E+00
  681.000      6.055455E+00
  682.000      6.058079E+00
  683.000      6.060682E+00
  684.000      6.063262E+00
  685.000      6.065818E+00
  686.000      6.068347E+00
  687.000      6.070848E+00
  688.000      6.073320E+00
  689.000      6.075763E+00
  690.000      6.078178E+00
  691.000      6.080566E+00
  692.000      6.082927E+00
  693.000      6.085264E+00
  694.000      6.087579E+00
  695.000      6.089875E+00
  696.000      6.092156E+00
  697.000      6.094425E+00
  698.000      6.096687E+00
  699.000      6.098947E+00
  700.000      6.101210E+00
  701.000      6.103482E+00
  702.000      6.105771E+00
  703.000      6.108083E+00
  704.000      6.110425E+00
  705.000      6.112806E+00
  706.000      6.115234E+00
  707.000      6.117718E+00
  708.000      6.120269E+00
  709.000      6.122896E+00
  710.000      6.125609E+00
  711.000      6.128268E+00
  712.000      6.130797E+00
  713.000      6.133316E+00
  714.000      6.135824E+00
  715.000      6.138322E+00
  716.000      6.140810E+00
  717.000      6.143288E+00
  718.000      6.145757E+00
  719.000      6.148218E+00
  720.000      6.150670E+00
  721.000      6.153113E+00
  722.000      6.155549E+00
  723.000      6.157977E+00
  724.000      6.160398E+00
  725.000      6.162812E+00
  726.000      6.165219E+00
  727.000      6.167620E+00
  728.000      6.170016E+00
  729.000      6.172406E+00
  730.000      6.174791E+00
  731.000      6.177171E+00
  732.000      6.179547E+00
  733.000      6.181919E+00
  734.000      6.184287E+00
  735.000      6.186652E+00
  736.000      6.189015E+00
  737.000      6.191375E+00
  738.000      6.193734E+00
  739.000      6.196091E+00
  740.000      6.198447E+00
  741.000      6.200803E+00
  742.000      6.203158E+00
  743.000      6.205514E+00
  744.000      6.207871E+00
  745.000      6.210229E+00
  746.000      6.212588E+00
  747.000      6.214950E+00
  748.000      6.217315E+00
  749.000      6.219682E+00
  750.000      6.222054E+00
  751.000      6.224430E+00
  752.000      6.226810E+00
  753.000      6.229195E+00
  754.000      6.231587E+00
  755.000      6.233984E+00
  756.000      6.236388E+00
  757.000      6.238800E+00
  758.000      6.241219E+00
  759.000      6.243647E+00
  760.000      6.246084E+00
  761.000      6.248530E+00
  762.000      6.250986E+00
  763.000      6.253453E+00
  764.000      6.255931E+00
  765.000      6.258421E+00
  766.000      6.260923E+00
  767.000      6.263439E+00
  768.000      6.265967E+00
  769.000      6.268510E+00
  770.000      6.271068E+00
  771.000      6.273641E+00
  772.000      6.274219E+00
  773.000      6.274790E+00
  774.000      6.275362E+00
  775.000      6.275935E+00
  776.000      6.276507E+00
  777.000      6.277081E+00
  778.000      6.277655E+00
  779.000      6.278229E+00
  780.000      6.278804E+00
  781.000      6.279379E+00
  782.000      6.279955E+00
  783.000      6.280531E+00
  784.000      6.281108E+00
  785.000      6.281684E+00
  786.000      6.282262E+00
  787.000      6.282839E+00
  788.000      6.283417E+00
  789.000      6.283995E+00
  790.000      6.284574E+00
  791.000      6.285153E+00
  792.000      6.285732E+00
  793.000      6.286312E+00
  794.000      6.286892E+00
  795.000      6.287472E+00
  796.000      6.288053E+00
  797.000      6.288633E+00
  798.000      6.289214E+00
  799.000      6.289796E+00
  800.000      6.290377E+00
  801.000      6.290959E+00
  802.000      6.291541E+00
  803.000      6.292123E+00
  804.000      6.292705E+00
  805.000      6.293288E+00
  806.000      6.293871E+00
  807.000      6.294454E+00
  808.000      6.295037E+00
  809.000      6.295620E+00
  810.000      6.296204E+00
  811.000      6.296788E+00
  812.000      6.297371E+00
  813.000      6.297955E+00
  814.000      6.298540E+00
  815.000      6.299124E+00
  816.000      6.299708E+00
  817.000      6.300293E+00
  818.000      6.300878E+00
  819.000      6.301462E+00
  820.000      6.302047E+00
  821.000      6.302632E+00
  822.000      6.303218E+00
  823.000      6.303803E+00
  824.000      6.304388E+00
  825.000      6.304974E+00
  826.000      6.305559E+00
  827.000      6.306145E+00
  828.000      6.306730E+00
  829.000      6.307316E+00
  830.000      6.307902E+00
  831.000      6.308488E+00
  832.000      6.309074E+00
  833.000      6.309660E+00
  834.000      6.310246E+00
  835.000      6.310832E+00
  836.000      6.311418E+00
  837.000      6.312004E+00
  838.000      6.312590E+00
  839.000      6.313177E+00
  840.000      6.313763E+00
  841.000      6.314349E+00
  842.000      6.314936E+00
  843.000      6.315522E+00
  844.000      6.316109E+00
  845.000      6.316695E+00
  846.000      6.317282E+00
  847.000      6.317868E+00
  848.000      6.318455E+00
  849.000      6.319042E+00
  850.000      6.319628E+00
  851.000      6.320215E+00
  852.000      6.320802E+00
  853.000      6.321388E+00
  854.000      6.321975E+00
  855.000      6.322562E+00
  856.000      6.323149E+00
  857.000      6.323736E+00
  858.000      6.324323E+00
  859.000      6.324910E+00
  860.000      6.325496E+00
  861.000      6.326083E+00
  862.000      6.326671E+00
  863.000      6.327258E+00
  864.000      6.327845E+00
  865.000      6.328432E+00
  866.000      6.329019E+00
  867.000      6.329606E+00
  868.000      6.330193E+00
  869.000      6.330781E+00
  870.000      6.331368E+00
  871.000      6.331956E+00
  872.000      6.332543E+00
  873.000      6.333131E+00
  874.000      6.333718E+00
  875.000      6.334306E+00
  876.000      6.334893E+00
  877.000      6.335481E+00
  878.000      6.336069E+00
  879.000      6.336657E+00
  880.000      6.337245E+00
  881.000      6.337833E+00
  882.000      6.338421E+00
  883.000      6.339010E+00
  884.000      6.339598E+00
  885.000      6.340187E+00
  886.000      6.340775E+00
  887.000      6.341364E+00
  888.000      6.341953E+00
  889.000      6.342542E+00
  890.000      6.343131E+00
  891.000      6.343720E+00
  892.000      6.344310E+00
  893.000      6.344899E+00
  894.000      6.345489E+00
  895.000      6.346079E+00
  896.000      6.346669E+00
  897.000      6.347259E+00
  898.000      6.347850E+00
  899.000      6.348440E+00
  900.000      6.349031E+00
  901.000      6.349622E+00
  902.000      6.350214E+00
  903.000      6.350803E+00
  904.000      6.351392E+00
  905.000      6.351982E+00
  906.000      6.352571E+00
  907.000      6.353161E+00
  908.000      6.353751E+00
  909.000      6.354341E+00
  910.000      6.354931E+00
  911.000      6.355521E+00
  912.000      6.356111E+00
  913.000      6.356701E+00
  914.000      6.357292E+00
  915.000      6.357882E+00
  916.000      6.358473E+00
  917.000      6.359063E+00
  918.000      6.359654E+00
  919.000      6.360245E+00
  920.000      6.360836E+00
  921.000      6.361427E+00
  922.000      6.362019E+00
  923.000      6.362610E+00
  924.000      6.363201E+00
  925.000      6.363793E+00
  926.000      6.364384E+00
  927.000      6.364976E+00
  928.000      6.365568E+00
  929.000      6.366159E+00
  930.000      6.366751E+00
  931.000      6.367343E+00
  932.000      6.367935E+00
  933.000      6.368527E+00
  934.000      6.369120E+00
  935.000      6.369712E+00
  936.000      6.370304E+00
  937.000      6.370897E+00
  938.000      6.371489E+00
  939.000      6.372082E+00
  940.000      6.372675E+00
  941.000      6.373267E+00
  942.000      6.373860E+00
  943.000      6.374453E+00
  944.000      6.375046E+00
  945.000      6.375639E+00
  946.000      6.376232E+00
  947.000      6.376825E+00
  948.000      6.377419E+00
  949.000      6.378012E+00
  950.000      6.378605E+00
  951.000      6.379199E+00
  952.000      6.379792E+00
  953.000      6.380386E+00
  954.000      6.380979E+00
  955.000      6.381573E+00
  956.000      6.382167E+00
  957.000      6.382760E+00
  958.000      6.383354E+00
  959.000      6.383948E+00
  960.000      6.384542E+00
  961.000      6.385136E+00
  962.000      6.385730E+00
  963.000      6.386325E+00
  964.000      6.386919E+00
  965.000      6.387513E+00
  966.000      6.388107E+00
  967.000      6.388702E+00
  968.000      6.389296E+00
  969.000      6.389891E+00
  970.000      6.390485E+00
  971.000      6.391080E+00
  972.000      6.391675E+00
  973.000      6.392270E+00
  974.000      6.392864E+00
  975.000      6.393459E+00
  976.000      6.394054E+00
  977.000      6.394649E+00
  978.000      6.395244E+00
  979.000      6.395839E+00
  980.000      6.396435E+00
  981.000      6.397030E+00
  982.000      6.397625E+00
  983.000      6.398221E+00
  984.000      6.398816E+00
  985.000      6.399411E+00
  986.000      6.400007E+00
  987.000      6.400603E+00
  988.000      6.401198E+00
  989.000      6.401794E+00
  990.000      6.402390E+00
  991.000      6.402986E+00
  992.000      6.403582E+00
  993.000      6.404178E+00
  994.000      6.404774E+00
  995.000      6.405370E+00
  996.000      6.405966E+00
  997.000      6.406563E+00
  998.000      6.407159E+00
  999.000      6.407755E+00
 1000.000      6.408352E+00
 1001.000      6.408949E+00
 1002.000      6.409545E+00
 1003.000      6.410142E+00
 1004.000      6.410739E+00
 1005.000      6.411336E+00
 1006.000      6.411933E+00
 1007.000      6.412530E+00
 1008.000      6.413127E+00
 1009.000      6.413724E+00
 1010.000      6.414321E+00
 1011.000      6.414919E+00
 1012.000      6.415516E+00
 1013.000      6.416114E+00
 1014.000      6.416712E+00
 1015.000      6.417309E+00
 1016.000      6.417907E+00
 1017.000      6.418505E+00
 1018.000      6.419103E+00
 1019.000      6.419701E+00
 1020.000      6.420299E+00
 1021.000      6.420898E+00
 1022.000      6.421496E+00
 1023.000      6.422095E+00
 1024.000      6.422693E+00
 1025.000      6.423292E+00
 1026.000      6.423891E+00
 1027.000      6.424490E+00
 1028.000      6.425089E+00
 1029.000      6.425688E+00
 1030.000      6.426287E+00
 1031.000      6.426887E+00
 1032.000      6.427486E+00
 1033.000      6.428086E+00
 1034.000      6.428686E+00
 1035.000      6.429286E+00
 1036.000      6.429886E+00
 1037.000      6.430486E+00
 1038.000      6.431086E+00
 1039.000      6.431686E+00
 1040.000      6.432286E+00
 1041.000      6.432886E+00
 1042.000      6.433487E+00
 1043.000      6.434087E+00
 1044.000      6.434687E+00
 1045.000      6.435288E+00
 1046.000      6.435888E+00
 1047.000      6.436489E+00
 1048.000      6.437089E+00
 1049.000      6.437690E+00
 1050.000      6.438291E+00
 1051.000      6.438892E+00
 1052.000      6.439492E+00
 1053.000      6.440093E+00
 1054.000      6.440694E+00
 1055.000      6.441295E+00
 1056.000      6.441896E+00
 1057.000      6.442497E+00
 1058.000      6.443099E+00
 1059.000      6.443700E+00
 1060.000      6.444301E+00
 1061.000      6.444903E+00
 1062.000      6.445504E+00
 1063.000      6.446106E+00
 1064.000      6.446707E+00
 1065.000      6.447309E+00
 1066.000      6.447911E+00
 1067.000      6.448512E+00
 1068.000      6.449114E+00
 1069.000      6.449716E+00
 1070.000      6.450318E+00
 1071.000      6.450920E+00
 1072.000      6.451523E+00
 1073.000      6.452125E+00
 1074.000      6.452727E+00
 1075.000      6.453330E+00
 1076.000      6.453932E+00
 1077.000      6.454535E+00
 1078.000      6.455137E+00
 1079.000      6.455740E+00
 1080.000      6.456343E+00
 1081.000      6.456946E+00
 1082.000      6.457549E+00
 1083.000      6.458152E+00
 1084.000      6.458755E+00
 1085.000      6.459358E+00
 1086.000      6.459961E+00
 1087.000      6.460565E+00
 1088.000      6.461168E+00
 1089.000      6.461771E+00
 1090.000      6.462375E+00
 1091.000      6.462979E+00
 1092.000      6.463583E+00
 1093.000      6.464186E+00
 1094.000      6.464790E+00
 1095.000      6.465394E+00
 1096.000      6.465998E+00
 1097.000      6.466603E+00
 1098.000      6.467207E+00
 1099.000      6.467811E+00
 1100.000      6.468415E+00
 1101.000      6.469020E+00
 1102.000      6.469625E+00
 1103.000      6.470229E+00
 1104.000      6.470834E+00
 1105.000      6.471439E+00
 1106.000      6.472044E+00
 1107.000      6.472649E+00
 1108.000      6.473254E+00
 1109.000      6.473859E+00
 1110.000      6.474464E+00
 1111.000      6.475069E+00
 1112.000      6.475675E+00
 1113.000      6.476280E+00
 1114.000      6.476886E+00
 1115.000      6.477491E+00
 1116.000      6.478097E+00
 1117.000      6.478703E+00
 1118.000      6.479309E+00
 1119.000      6.479915E+00
 1120.000      6.480521E+00
 1121.000      6.481127E+00
 1122.000      6.481733E+00
 1123.000      6.482339E+00
 1124.000      6.482946E+00
 1125.000      6.483552E+00
 1126.000      6.484159E+00
 1127.000      6.484765E+00
 1128.000      6.485372E+00
 1129.000      6.485979E+00
 1130.000      6.486585E+00
 1131.000      6.487192E+00
 1132.000      6.487799E+00
 1133.000      6.488406E+00
 1134.000      6.489013E+00
 1135.000      6.489620E+00
 1136.000      6.490228E+00
 1137.000      6.490835E+00
 1138.000      6.491442E+00
 1139.000      6.492050E+00
 1140.000      6.492657E+00
 1141.000      6.493265E+00
 1142.000      6.493873E+00
 1143.000      6.494480E+00
 1144.000      6.495088E+00
 1145.000      6.495696E+00
 1146.000      6.496304E+00
 1147.000      6.496912E+00
 1148.000      6.497520E+00
 1149.000      6.498128E+00
 1150.000      6.498736E+00
 1151.000      6.499344E+00
 1152.000      6.499952E+00
 1153.000      6.500561E+00
 1154.000      6.501169E+00
 1155.000      6.501777E+00
 1156.000      6.502386E+00
 1157.000      6.502994E+00
 1158.000      6.503603E+00
 1159.000      6.504211E+00
 1160.000      6.504820E+00
 1161.000      6.505429E+00
 1162.000      6.506038E+00
 1163.000      6.506646E+00
 1164.000      6.507255E+00
 1165.000      6.507864E+00
 1166.000      6.508474E+00
 1167.000      6.509084E+00
 1168.000      6.509694E+00
 1169.000      6.510305E+00
 1170.000      6.510915E+00
 1171.000      6.511525E+00
 1172.000      6.512136E+00
 1173.000      6.512746E+00
 1174.000      6.513356E+00
 1175.000      6.513967E+00
 1176.000      6.514578E+00
 1177.000      6.515188E+00
 1178.000      6.515799E+00
 1179.000      6.516410E+00
 1180.000      6.517020E+00
 1181.000      6.517631E+00
 1182.000      6.518242E+00
 1183.000      6.518853E+00
 1184.000      6.519464E+00
 1185.000      6.520075E+00
 1186.000      6.520686E+00
 1187.000      6.521297E+00
 1188.000      6.521909E+00
 1189.000      6.522520E+00
 1190.000      6.523131E+00
 1191.000      6.523743E+00
 1192.000      6.524354E+00
 1193.000      6.524966E+00
 1194.000      6.525578E+00
 1195.000      6.526190E+00
 1196.000      6.526801E+00
 1197.000      6.527413E+00
 1198.000      6.528025E+00
 1199.000      6.528637E+00
 1200.000      6.529250E+00
 1201.000      6.529862E+00
 1202.000      6.530474E+00
 1203.000      6.531086E+00
 1204.000      6.531699E+00
 1205.000      6.532311E+00
 1206.000      6.532924E+00
 1207.000      6.533537E+00
 1208.000      6.534150E+00
 1209.000      6.534762E+00
 1210.000      6.535375E+00
 1211.000      6.535988E+00
 1212.000      6.536601E+00
 1213.000      6.537215E+00
 1214.000      6.537828E+00
 1215.000      6.538441E+00
 1216.000      6.539055E+00
 1217.000      6.539668E+00
 1218.000      6.540282E+00
 1219.000      6.540896E+00
 1220.000      6.541510E+00
 1221.000      6.542123E+00
 1222.000      6.542737E+00
 1223.000      6.543351E+00
 1224.000      6.543966E+00
 1225.000      6.544580E+00
 1226.000      6.545194E+00
 1227.000      6.545809E+00
 1228.000      6.546423E+00
 1229.000      6.547038E+00
 1230.000      6.547652E+00
 1231.000      6.548267E+00
 1232.000      6.548882E+00
 1233.000      6.549497E+00
 1234.000      6.550112E+00
 1235.000      6.550727E+00
 1236.000      6.551342E+00
 1237.000      6.551958E+00
 1238.000      6.552573E+00
 1239.000      6.553189E+00
 1240.000      6.553804E+00
 1241.000      6.554420E+00
 1242.000      6.555036E+00
 1243.000      6.555651E+00
 1244.000      6.556267E+00
 1245.000      6.556883E+00
 1246.000      6.557500E+00
 1247.000      6.558116E+00
 1248.000      6.558732E+00
 1249.000      6.559348E+00
 1250.000      6.559965E+00
 1251.000      6.560581E+00
 1252.000      6.561198E+00
 1253.000      6.561815E+00
 1254.000      6.562431E+00
 1255.000      6.563048E+00
 1256.000      6.563665E+00
 1257.000      6.564282E+00
 1258.000      6.564899E+00
 1259.000      6.565516E+00
 1260.000      6.566134E+00
 1261.000      6.566751E+00
 1262.000      6.567368E+00
 1263.000      6.567986E+00
 1264.000      6.568604E+00
 1265.000      6.569221E+00
 1266.000      6.569839E+00
 1267.000      6.570457E+00
 1268.000      6.571075E+00
 1269.000      6.571692E+00
 1270.000      6.572310E+00
 1271.000      6.572929E+00
 1272.000      6.573547E+00
 1273.000      6.574165E+00
 1274.000      6.574783E+00
 1275.000      6.575402E+00
 1276.000      6.576020E+00
 1277.000      6.576638E+00
 1278.000      6.577257E+00
 1279.000      6.577876E+00
 1280.000      6.578494E+00
 1281.000      6.579113E+00
 1282.000      6.579732E+00
 1283.000      6.580351E+00
 1284.000      6.580969E+00
 1285.000      6.581588E+00
 1286.000      6.582207E+00
 1287.000      6.582826E+00
 1288.000      6.583446E+00
 1289.000      6.584065E+00
 1290.000      6.584684E+00
 1291.000      6.585303E+00
 1292.000      6.585922E+00
 1293.000      6.586542E+00
 1294.000      6.587161E+00
 1295.000      6.587781E+00
 1296.000      6.588393E+00
 1297.000      6.589034E+00
 1298.000      6.589675E+00
 1299.000      6.590315E+00
 1300.000      6.590955E+00
 1301.000      6.591593E+00
 1302.000      6.592230E+00
 1303.000      6.592867E+00
 1304.000      6.593503E+00
 1305.000      6.594138E+00
 1306.000      6.594773E+00
 1307.000      6.595407E+00
 1308.000      6.596040E+00
 1309.000      6.596673E+00
 1310.000      6.597305E+00
 1311.000      6.597936E+00
 1312.000      6.598567E+00
 1313.000      6.599197E+00
 1314.000      6.599827E+00
 1315.000      6.600456E+00
 1316.000      6.601085E+00
 1317.000      6.601713E+00
 1318.000      6.602341E+00
 1319.000      6.602968E+00
 1320.000      6.603595E+00
 1321.000      6.604221E+00
 1322.000      6.604847E+00
 1323.000      6.605473E+00
 1324.000      6.606098E+00
 1325.000      6.606723E+00
 1326.000      6.607348E+00
 1327.000      6.607972E+00
 1328.000      6.608596E+00
 1329.000      6.609220E+00
 1330.000      6.609844E+00
 1331.000      6.610467E+00
 1332.000      6.611090E+00
 1333.000      6.611713E+00
 1334.000      6.612336E+00
 1335.000      6.612958E+00
 1336.000      6.613581E+00
 1337.000      6.614203E+00
 1338.000      6.614825E+00
 1339.000      6.615447E+00
 1340.000      6.616068E+00
 1341.000      6.616690E+00
 1342.000      6.617311E+00
 1343.000      6.617933E+00
 1344.000      6.618554E+00
 1345.000      6.619176E+00
 1346.000      6.619797E+00
 1347.000      6.620418E+00
 1348.000      6.621039E+00
 1349.000      6.621660E+00
 1350.000      6.622281E+00
 1351.000      6.622902E+00
 1352.000      6.623523E+00
 1353.000      6.624144E+00
 1354.000      6.624766E+00
 1355.000      6.625387E+00
 1356.000      6.626008E+00
 1357.000      6.626629E+00
 1358.000      6.627250E+00
 1359.000      6.627871E+00
 1360.000      6.628493E+00
 1361.000      6.629114E+00
 1362.000      6.629735E+00
 1363.000      6.630357E+00
 1364.000      6.630978E+00
 1365.000      6.631600E+00
 1366.000      6.632222E+00
 1367.000      6.632844E+00
 1368.000      6.633465E+00
 1369.000      6.634087E+00
 1370.000      6.634709E+00
 1371.000      6.635332E+00
 1372.000      6.635954E+00
 1373.000      6.636576E+00
 1374.000      6.637199E+00
 1375.000      6.637821E+00
 1376.000      6.638444E+00
 1377.000      6.639067E+00
 1378.000      6.639689E+00
 1379.000      6.640312E+00
 1380.000      6.640935E+00
 1381.000      6.641559E+00
 1382.000      6.642182E+00
 1383.000      6.642805E+00
 1384.000      6.643429E+00
 1385.000      6.644052E+00
 1386.000      6.644676E+00
 1387.000      6.645300E+00
 1388.000      6.645923E+00
 1389.000      6.646547E+00
 1390.000      6.647171E+00
 1391.000      6.647795E+00
 1392.000      6.648420E+00
 1393.000      6.649044E+00
 1394.000      6.649668E+00
 1395.000      6.650292E+00
 1396.000      6.650917E+00
 1397.000      6.651541E+00
 1398.000      6.652166E+00
 1399.000      6.652790E+00
 1400.000      6.653415E+00
 1401.000      6.654039E+00
 1402.000      6.654664E+00
 1403.000      6.655289E+00
 1404.000      6.655913E+00
 1405.000      6.656538E+00
 1406.000      6.657162E+00
 1407.000      6.657787E+00
 1408.000      6.658411E+00
 1409.000      6.659036E+00
 1410.000      6.659660E+00
 1411.000      6.660285E+00
 1412.000      6.660909E+00
 1413.000      6.661533E+00
 1414.000      6.662157E+00
 1415.000      6.662781E+00
 1416.000      6.663405E+00
 1417.000      6.664029E+00
 1418.000      6.664652E+00
 1419.000      6.665276E+00
 1420.000      6.665899E+00
 1421.000      6.666522E+00
 1422.000      6.667145E+00
 1423.000      6.667768E+00
 1424.000      6.668390E+00
 1425.000      6.669013E+00
 1426.000      6.669635E+00
 1427.000      6.670256E+00
 1428.000      6.670878E+00
 1429.000      6.671502E+00
 1430.000      6.672126E+00
 1431.000      6.672749E+00
 1432.000      6.673373E+00
 1433.000      6.673996E+00
 1434.000      6.674619E+00
 1435.000      6.675243E+00
 1436.000      6.675866E+00
 1437.000      6.676490E+00
 1438.000      6.677113E+00
 1439.000      6.677736E+00
 1440.000      6.678360E+00
 1441.000      6.678983E+00
 1442.000      6.679606E+00
 1443.000      6.680229E+00
 1444.000      6.680852E+00
 1445.000      6.681475E+00
 1446.000      6.682098E+00
 1447.000      6.682721E+00
 1448.000      6.683345E+00
 1449.000      6.683967E+00
 1450.000      6.684590E+00
 1451.000      6.685213E+00
 1452.000      6.685836E+00
 1453.000      6.686459E+00
 1454.000      6.687082E+00
 1455.000      6.687705E+00
 1456.000      6.688327E+00
 1457.000      6.688950E+00
 1458.000      6.689572E+00
 1459.000      6.690195E+00
 1460.000      6.690818E+00
 1461.000      6.691440E+00
 1462.000      6.692063E+00
 1463.000      6.692685E+00
 1464.000      6.693307E+00
 1465.000      6.693930E+00
 1466.000      6.694552E+00
 1467.000      6.695174E+00
 1468.000      6.695796E+00
 1469.000      6.696418E+00
 1470.000      6.697040E+00
 1471.000      6.697662E+00
 1472.000      6.698284E+00
 1473.000      6.698906E+00
 1474.000      6.699528E+00
 1475.000      6.700150E+00
 1476.000      6.700772E+00
 1477.000      6.701393E+00
 1478.000      6.702015E+00
 1479.000      6.702636E+00
 1480.000      6.703258E+00
 1481.000      6.703879E+00
 1482.000      6.704501E+00
 1483.000      6.705122E+00
 1484.000      6.705743E+00
 1485.000      6.706365E+00
 1486.000      6.706986E+00
 1487.000      6.707607E+00
 1488.000      6.708228E+00
 1489.000      6.708849E+00
 1490.000      6.709469E+00
 1491.000      6.710090E+00
 1492.000      6.710711E+00
 1493.000      6.711332E+00
 1494.000      6.711952E+00
 1495.000      6.712573E+00
 1496.000      6.713193E+00
 1497.000      6.713813E+00
 1498.000      6.714434E+00
 1499.000      6.715054E+00
 1500.000      6.715674E+00
 1501.000      6.716294E+00
 1502.000      6.716914E+00
 1503.000      6.717534E+00
 1504.000      6.718154E+00
 1505.000      6.718773E+00
 1506.000      6.719393E+00
 1507.000      6.720012E+00
 1508.000      6.720632E+00
 1509.000      6.721251E+00
 1510.000      6.721870E+00
 1511.000      6.722490E+00
 1512.000      6.723109E+00
 1513.000      6.723728E+00
 1514.000      6.724346E+00
 1515.000      6.724965E+00
 1516.000      6.725584E+00
 1517.000      6.726203E+00
 1518.000      6.726821E+00
 1519.000      6.727439E+00
 1520.000      6.728058E+00
 1521.000      6.728676E+00
 1522.000      6.729294E+00
 1523.000      6.729912E+00
 1524.000      6.730530E+00
 1525.000      6.731148E+00
 1526.000      6.731765E+00
 1527.000      6.732383E+00
 1528.000      6.733000E+00
 1529.000      6.733617E+00
 1530.000      6.734235E+00
 1531.000      6.734852E+00
 1532.000      6.735469E+00
 1533.000      6.736086E+00
 1534.000      6.736702E+00
 1535.000      6.737319E+00
 1536.000      6.737935E+00
 1537.000      6.738552E+00
 1538.000      6.739168E+00
 1539.000      6.739784E+00
 1540.000      6.740400E+00
 1541.000      6.741016E+00
 1542.000      6.741632E+00
 1543.000      6.742247E+00
 1544.000      6.742863E+00
 1545.000      6.743478E+00
 1546.000      6.744093E+00
 1547.000      6.744708E+00
 1548.000      6.745323E+00
 1549.000      6.745938E+00
 1550.000      6.746552E+00
 1551.000      6.747167E+00
 1552.000      6.747781E+00
 1553.000      6.748395E+00
 1554.000      6.749009E+00
 1555.000      6.749623E+00
 1556.000      6.750237E+00
 1557.000      6.750851E+00
 1558.000      6.751464E+00
 1559.000      6.752077E+00
 1560.000      6.752691E+00
 1561.000      6.753304E+00
 1562.000      6.753917E+00
 1563.000      6.754530E+00
 1564.000      6.755143E+00
 1565.000      6.755756E+00
 1566.000      6.756368E+00
 1567.000      6.756981E+00
 1568.000      6.757593E+00
 1569.000      6.758205E+00
 1570.000      6.758817E+00
 1571.000      6.759429E+00
 1572.000      6.760041E+00
 1573.000      6.760652E+00
 1574.000      6.761264E+00
 1575.000      6.761875E+00
 1576.000      6.762486E+00
 1577.000      6.763097E+00
 1578.000      6.763708E+00
 1579.000      6.764319E+00
 1580.000      6.764929E+00
 1581.000      6.765540E+00
 1582.000      6.766150E+00
 1583.000      6.766760E+00
 1584.000      6.767370E+00
 1585.000      6.767980E+00
 1586.000      6.768589E+00
 1587.000      6.769199E+00
 1588.000      6.769808E+00
 1589.000      6.770417E+00
 1590.000      6.771026E+00
 1591.000      6.771635E+00
 1592.000      6.772243E+00
 1593.000      6.772852E+00
 1594.000      6.773460E+00
 1595.000      6.774068E+00
 1596.000      6.774676E+00
 1597.000      6.775284E+00
 1598.000      6.775892E+00
 1599.000      6.776499E+00
 1600.000      6.777107E+00
 1601.000      6.777714E+00
 1602.000      6.778321E+00
 1603.000      6.778927E+00
 1604.000      6.779534E+00
 1605.000      6.780140E+00
 1606.000      6.780746E+00
 1607.000      6.781352E+00
 1608.000      6.781958E+00
 1609.000      6.782564E+00
 1610.000      6.783169E+00
 1611.000      6.783775E+00
 1612.000      6.784380E+00
 1613.000      6.784985E+00
 1614.000      6.785589E+00
 1615.000      6.786194E+00
 1616.000      6.786798E+00
 1617.000      6.787403E+00
 1618.000      6.788006E+00
 1619.000      6.788610E+00
 1620.000      6.789214E+00
 1621.000      6.789817E+00
 1622.000      6.790420E+00
 1623.000      6.791023E+00
 1624.000      6.791626E+00
 1625.000      6.792229E+00
 1626.000      6.792831E+00
 1627.000      6.793433E+00
 1628.000      6.794035E+00
 1629.000      6.794637E+00
 1630.000      6.795238E+00
 1631.000      6.795840E+00
 1632.000      6.796441E+00
 1633.000      6.797042E+00
 1634.000      6.797643E+00
 1635.000      6.798243E+00
 1636.000      6.798843E+00
 1637.000      6.799443E+00
 1638.000      6.800043E+00
 1639.000      6.800643E+00
 1640.000      6.801242E+00
 1641.000      6.801842E+00
 1642.000      6.802441E+00
 1643.000      6.803039E+00
 1644.000      6.803638E+00
 1645.000      6.804236E+00
 1646.000      6.804834E+00
 1647.000      6.805432E+00
 1648.000      6.806030E+00
 1649.000      6.806627E+00
 1650.000      6.807224E+00
 1651.000      6.807821E+00
 1652.000      6.808418E+00
 1653.000      6.809015E+00
 1654.000      6.809611E+00
 1655.000      6.810207E+00
 1656.000      6.810803E+00
 1657.000      6.811398E+00
 1658.000      6.811994E+00
 1659.000      6.812589E+00
 1660.000      6.813184E+00
 1661.000      6.813778E+00
 1662.000      6.814373E+00
 1663.000      6.814967E+00
 1664.000      6.815561E+00
 1665.000      6.816155E+00
 1666.000      6.816748E+00
 1667.000      6.817341E+00
 1668.000      6.817934E+00
 1669.000      6.818527E+00
 1670.000      6.819119E+00
 1671.000      6.819712E+00
 1672.000      6.820304E+00
 1673.000      6.820895E+00
 1674.000      6.821487E+00
 1675.000      6.822078E+00
 1676.000      6.822669E+00
 1677.000      6.823260E+00
 1678.000      6.823850E+00
 1679.000      6.824440E+00
 1680.000      6.825030E+00
 1681.000      6.825620E+00
 1682.000      6.826209E+00
 1683.000      6.826799E+00
 1684.000      6.827387E+00
 1685.000      6.827976E+00
 1686.000      6.828564E+00
 1687.000      6.829153E+00
 1688.000      6.829740E+00
 1689.000      6.830328E+00
 1690.000      6.830915E+00
 1691.000      6.831503E+00
 1692.000      6.832091E+00
 1693.000      6.832678E+00
 1694.000      6.833265E+00
 1695.000      6.833852E+00
 1696.000      6.834439E+00
 1697.000      6.835025E+00
 1698.000      6.835611E+00
 1699.000      6.836196E+00
 1700.000      6.836781E+00
 1701.000      6.837366E+00
 1702.000      6.837951E+00
 1703.000      6.838535E+00
 1704.000      6.839119E+00
 1705.000      6.839703E+00
 1706.000      6.840287E+00
 1707.000      6.840870E+00
 1708.000      6.841453E+00
 1709.000      6.842035E+00
 1710.000      6.842617E+00
 1711.000      6.843199E+00
 1712.000      6.843781E+00
 1713.000      6.844362E+00
 1714.000      6.844943E+00
 1715.000      6.845524E+00
 1716.000      6.846105E+00
 1717.000      6.846685E+00
 1718.000      6.847265E+00
 1719.000      6.847844E+00
 1720.000      6.848423E+00
 1721.000      6.849002E+00
 1722.000      6.849581E+00
 1723.000      6.850159E+00
 1724.000      6.850737E+00
 1725.000      6.851315E+00
 1726.000      6.851892E+00
 1727.000      6.852469E+00
 1728.000      6.853046E+00
 1729.000      6.853622E+00
 1730.000      6.854199E+00
 1731.000      6.854775E+00
 1732.000      6.855350E+00
 1733.000      6.855925E+00
 1734.000      6.856500E+00
 1735.000      6.857075E+00
 1736.000      6.857649E+00
 1737.000      6.858223E+00
 1738.000      6.858797E+00
 1739.000      6.859370E+00
 1740.000      6.859943E+00
 1741.000      6.860516E+00
 1742.000      6.861089E+00
 1743.000      6.861661E+00
 1744.000      6.862233E+00
 1745.000      6.862804E+00
 1746.000      6.863375E+00
 1747.000      6.863946E+00
 1748.000      6.864517E+00
 1749.000      6.865087E+00
 1750.000      6.865657E+00
 1751.000      6.866226E+00
 1752.000      6.866796E+00
 1753.000      6.867365E+00
 1754.000      6.867933E+00
 1755.000      6.868502E+00
 1756.000      6.869070E+00
 1757.000      6.869637E+00
 1758.000      6.870205E+00
 1759.000      6.870772E+00
 1760.000      6.871338E+00
 1761.000      6.871905E+00
 1762.000      6.872471E+00
 1763.000      6.873036E+00
 1764.000      6.873602E+00
 1765.000      6.874167E+00
 1766.000      6.874731E+00
 1767.000      6.875296E+00
 1768.000      6.875860E+00
 1769.000      6.876423E+00
 1770.000      6.876987E+00
 1771.000      6.877550E+00
 1772.000      6.878112E+00
 1773.000      6.878675E+00
 1774.000      6.879237E+00
 1775.000      6.879798E+00
 1776.000      6.880359E+00
 1777.000      6.880920E+00
 1778.000      6.881481E+00
 1779.000      6.882041E+00
 1780.000      6.882601E+00
 1781.000      6.883160E+00
 1782.000      6.883720E+00
 1783.000      6.884278E+00
 1784.000      6.884837E+00
 1785.000      6.885395E+00
 1786.000      6.885952E+00
 1787.000      6.886510E+00
 1788.000      6.887067E+00
 1789.000      6.887623E+00
 1790.000      6.888179E+00
 1791.000      6.888735E+00
 1792.000      6.889291E+00
 1793.000      6.889846E+00
 1794.000      6.890401E+00
 1795.000      6.890955E+00
 1796.000      6.891509E+00
 1797.000      6.892062E+00
 1798.000      6.892616E+00
 1799.000      6.893169E+00
 1800.000      6.893722E+00
 1801.000      6.894275E+00
 1802.000      6.894827E+00
 1803.000      6.895379E+00
 1804.000      6.895931E+00
 1805.000      6.896482E+00
 1806.000      6.897033E+00
 1807.000      6.897583E+00
 1808.000      6.898133E+00
 1809.000      6.898683E+00
 1810.000      6.899232E+00
 1811.000      6.899781E+00
 1812.000      6.900329E+00
 1813.000      6.900878E+00
 1814.000      6.901425E+00
 1815.000      6.901972E+00
 1816.000      6.902519E+00
 1817.000      6.903066E+00
 1818.000      6.903612E+00
 1819.000      6.904157E+00
 1820.000      6.904702E+00
 1821.000      6.905247E+00
 1822.000      6.905792E+00
 1823.000      6.906335E+00
 1824.000      6.906879E+00
 1825.000      6.907422E+00
 1826.000      6.907965E+00
 1827.000      6.908507E+00
 1828.000      6.909049E+00
 1829.000      6.909590E+00
 1830.000      6.910131E+00
 1831.000      6.910671E+00
 1832.000      6.911212E+00
 1833.000      6.911751E+00
 1834.000      6.912290E+00
 1835.000      6.912829E+00
 1836.000      6.913368E+00
 1837.000      6.913906E+00
 1838.000      6.914443E+00
 1839.000      6.914980E+00
 1840.000      6.915517E+00
 1841.000      6.916053E+00
 1842.000      6.916589E+00
 1843.000      6.917124E+00
 1844.000      6.917659E+00
 1845.000      6.918194E+00
 1846.000      6.918728E+00
 1847.000      6.919262E+00
 1848.000      6.919795E+00
 1849.000      6.920328E+00
 1850.000      6.920860E+00
 1851.000      6.921392E+00
 1852.000      6.921924E+00
 1853.000      6.922455E+00
 1854.000      6.922986E+00
 1855.000      6.923517E+00
 1856.000      6.924047E+00
 1857.000      6.924576E+00
 1858.000      6.925106E+00
 1859.000      6.925635E+00
 1860.000      6.926163E+00
 1861.000      6.926691E+00
 1862.000      6.927219E+00
 1863.000      6.927746E+00
 1864.000      6.928273E+00
 1865.000      6.928799E+00
 1866.000      6.929325E+00
 1867.000      6.929850E+00
 1868.000      6.930375E+00
 1869.000      6.930900E+00
 1870.000      6.931423E+00
 1871.000      6.931947E+00
 1872.000      6.932470E+00
 1873.000      6.932993E+00
 1874.000      6.933515E+00
 1875.000      6.934037E+00
 1876.000      6.934558E+00
 1877.000      6.935079E+00
 1878.000      6.935599E+00
 1879.000      6.936119E+00
 1880.000      6.936638E+00
 1881.000      6.937157E+00
 1882.000      6.937676E+00
 1883.000      6.938194E+00
 1884.000      6.938711E+00
 1885.000      6.939228E+00
 1886.000      6.939745E+00
 1887.000      6.940261E+00
 1888.000      6.940777E+00
 1889.000      6.941293E+00
 1890.000      6.941808E+00
 1891.000      6.942323E+00
 1892.000      6.942837E+00
 1893.000      6.943351E+00
 1894.000      6.943864E+00
 1895.000      6.944377E+00
 1896.000      6.944889E+00
 1897.000      6.945401E+00
 1898.000      6.945913E+00
 1899.000      6.946424E+00
 1900.000      6.946934E+00
 1901.000      6.947444E+00
 1902.000      6.947954E+00
 1903.000      6.948463E+00
 1904.000      6.948971E+00
 1905.000      6.949479E+00
 1906.000      6.949987E+00
 1907.000      6.950494E+00
 1908.000      6.951000E+00
 1909.000      6.951506E+00
 1910.000      6.952012E+00
 1911.000      6.952517E+00
 1912.000      6.953021E+00
 1913.000      6.953526E+00
 1914.000      6.954029E+00
 1915.000      6.954532E+00
 1916.000      6.955035E+00
 1917.000      6.955537E+00
 1918.000      6.956038E+00
 1919.000      6.956539E+00
 1920.000      6.957040E+00
 1921.000      6.957540E+00
 1922.000      6.958039E+00
 1923.000      6.958538E+00
 1924.000      6.959037E+00
 1925.000      6.959535E+00
 1926.000      6.960032E+00
 1927.000      6.960529E+00
 1928.000      6.961026E+00
 1929.000      6.961521E+00
 1930.000      6.962017E+00
 1931.000      6.962512E+00
 1932.000      6.963006E+00
 1933.000      6.963500E+00
 1934.000      6.963993E+00
 1935.000      6.964486E+00
 1936.000      6.964978E+00
 1937.000      6.965470E+00
 1938.000      6.965961E+00
 1939.000      6.966452E+00
 1940.000      6.966942E+00
 1941.000      6.967431E+00
 1942.000      6.967920E+00
 1943.000      6.968409E+00
 1944.000      6.968897E+00
 1945.000      6.969384E+00
 1946.000      6.969871E+00
 1947.000      6.970357E+00
 1948.000      6.970843E+00
 1949.000      6.971329E+00
 1950.000      6.971813E+00
 1951.000      6.972297E+00
 1952.000      6.972781E+00
 1953.000      6.973264E+00
 1954.000      6.973747E+00
 1955.000      6.974230E+00
 1956.000      6.974712E+00
 1957.000      6.975194E+00
 1958.000      6.975675E+00
 1959.000      6.976155E+00
 1960.000      6.976635E+00
 1961.000      6.977115E+00
 1962.000      6.977594E+00
 1963.000      6.978072E+00
 1964.000      6.978550E+00
 1965.000      6.979027E+00
 1966.000      6.979504E+00
 1967.000      6.979980E+00
 1968.000      6.980455E+00
 1969.000      6.980930E+00
 1970.000      6.981405E+00
 1971.000      6.981879E+00
 1972.000      6.982352E+00
 1973.000      6.982825E+00
 1974.000      6.983297E+00
 1975.000      6.983768E+00
 1976.000      6.984240E+00
 1977.000      6.984710E+00
 1978.000      6.985180E+00
 1979.000      6.985649E+00
 1980.000      6.986118E+00
 1981.000      6.986586E+00
 1982.000      6.987054E+00
 1983.000      6.987521E+00
 1984.000      6.987988E+00
 1985.000      6.988454E+00
 1986.000      6.988919E+00
 1987.000      6.989384E+00
 1988.000      6.989848E+00
 1989.000      6.990312E+00
 1990.000      6.990775E+00
 1991.000      6.991237E+00
 1992.000      6.991699E+00
 1993.000      6.992160E+00
 1994.000      6.992621E+00
 1995.000      6.993081E+00
 1996.000      6.993541E+00
 1997.000      6.994000E+00
 1998.000      6.994458E+00
 1999.000      6.994916E+00
 2000.000      6.995373E+00
 2001.000      6.995830E+00
 2002.000      6.996286E+00
 2003.000      6.996741E+00
 2004.000      6.997196E+00
 2005.000      6.997650E+00
 2006.000      6.998104E+00
 2007.000      6.998557E+00
 2008.000      6.999009E+00
 2009.000      6.999461E+00
 2010.000      6.999912E+00
 2011.000      7.000363E+00
 2012.000      7.000813E+00
 2013.000      7.001263E+00
 2014.000      7.001711E+00
 2015.000      7.002160E+00
 2016.000      7.002607E+00
 2017.000      7.003054E+00
 2018.000      7.003501E+00
 2019.000      7.003947E+00
 2020.000      7.004392E+00
 2021.000      7.004836E+00
 2022.000      7.005280E+00
 2023.000      7.005724E+00
 2024.000      7.006167E+00
 2025.000      7.006609E+00
 2026.000      7.007050E+00
 2027.000      7.007491E+00
 2028.000      7.007932E+00
 2029.000      7.008371E+00
 2030.000      7.008810E+00
 2031.000      7.009249E+00
 2032.000      7.009687E+00
 2033.000      7.010124E+00
 2034.000      7.010560E+00
 2035.000      7.010996E+00
 2036.000      7.011432E+00
 2037.000      7.011866E+00
 2038.000      7.012301E+00
 2039.000      7.012734E+00
 2040.000      7.013167E+00
 2041.000      7.013599E+00
 2042.000      7.014031E+00
 2043.000      7.014462E+00
 2044.000      7.014892E+00
 2045.000      7.015322E+00
 2046.000      7.015751E+00
 2047.000      7.016179E+00
 2048.000      7.016607E+00
 2049.000      7.017034E+00
 2050.000      7.017461E+00
 2051.000      7.017887E+00
 2052.000      7.018312E+00
 2053.000      7.018737E+00
 2054.000      7.019161E+00
 2055.000      7.019584E+00
 2056.000      7.020007E+00
 2057.000      7.020429E+00
 2058.000      7.020851E+00
 2059.000      7.021271E+00
 2060.000      7.021692E+00
 2061.000      7.022111E+00
 2062.000      7.022530E+00
 2063.000      7.022948E+00
 2064.000      7.023366E+00
 2065.000      7.023783E+00
 2066.000      7.024199E+00
 2067.000      7.024615E+00
 2068.000      7.025030E+00
 2069.000      7.025444E+00
 2070.000      7.025858E+00
 2071.000      7.026271E+00
 2072.000      7.026684E+00
 2073.000      7.027096E+00
 2074.000      7.027507E+00
 2075.000      7.027917E+00
 2076.000      7.028327E+00
 2077.000      7.028736E+00
 2078.000      7.029145E+00
 2079.000      7.029553E+00
 2080.000      7.029960E+00
 2081.000      7.030367E+00
 2082.000      7.030772E+00
 2083.000      7.031178E+00
 2084.000      7.031582E+00
 2085.000      7.031986E+00
 2086.000      7.032389E+00
 2087.000      7.032791E+00
 2088.000      7.033193E+00
 2089.000      7.033594E+00
 2090.000      7.033994E+00
 2091.000      7.034393E+00
 2092.000      7.034792E+00
 2093.000      7.035190E+00
 2094.000      7.035588E+00
 2095.000      7.035985E+00
 2096.000      7.036381E+00
 2097.000      7.036776E+00
 2098.000      7.037171E+00
 2099.000      7.037565E+00
 2100.000      7.037958E+00
 2101.000      7.038351E+00
 2102.000      7.038743E+00
 2103.000      7.039134E+00
 2104.000      7.039525E+00
 2105.000      7.039915E+00
 2106.000      7.040304E+00
 2107.000      7.040693E+00
 2108.000      7.041080E+00
 2109.000      7.041467E+00
 2110.000      7.041854E+00
 2111.000      7.042240E+00
 2112.000      7.042625E+00
 2113.000      7.043009E+00
 2114.000      7.043393E+00
 2115.000      7.043775E+00
 2116.000      7.044158E+00
 2117.000      7.044539E+00
 2118.000      7.044920E+00
 2119.000      7.045300E+00
 2120.000      7.045679E+00
 2121.000      7.046058E+00
 2122.000      7.046436E+00
 2123.000      7.046813E+00
 2124.000      7.047189E+00
 2125.000      7.047565E+00
 2126.000      7.047940E+00
 2127.000      7.048315E+00
 2128.000      7.048688E+00
 2129.000      7.049061E+00
 2130.000      7.049433E+00
 2131.000      7.049805E+00
 2132.000      7.050175E+00
 2133.000      7.050545E+00
 2134.000      7.050915E+00
 2135.000      7.051283E+00
 2136.000      7.051651E+00
 2137.000      7.052018E+00
 2138.000      7.052384E+00
 2139.000      7.052750E+00
 2140.000      7.053114E+00
 2141.000      7.053479E+00
 2142.000      7.053842E+00
 2143.000      7.054204E+00
 2144.000      7.054566E+00
 2145.000      7.054927E+00
 2146.000      7.055288E+00
 2147.000      7.055647E+00
 2148.000      7.056006E+00
 2149.000      7.056364E+00
 2150.000      7.056722E+00
 2151.000      7.057078E+00
 2152.000      7.057434E+00
 2153.000      7.057789E+00
 2154.000      7.058144E+00
 2155.000      7.058497E+00
 2156.000      7.058850E+00
 2157.000      7.059202E+00
 2158.000      7.059554E+00
 2159.000      7.059904E+00
 2160.000      7.060254E+00
 2161.000      7.060603E+00
 2162.000      7.060951E+00
 2163.000      7.061299E+00
 2164.000      7.061646E+00
 2165.000      7.061991E+00
 2166.000      7.062337E+00
 2167.000      7.062681E+00
 2168.000      7.063025E+00
 2169.000      7.063368E+00
 2170.000      7.063710E+00
 2171.000      7.064051E+00
 2172.000      7.064392E+00
 2173.000      7.064731E+00
 2174.000      7.065070E+00
 2175.000      7.065408E+00
 2176.000      7.065746E+00
 2177.000      7.066083E+00
 2178.000      7.066418E+00
 2179.000      7.066753E+00
 2180.000      7.067088E+00
 2181.000      7.067421E+00
 2182.000      7.067754E+00
 2183.000      7.068086E+00
 2184.000      7.068417E+00
 2185.000      7.068747E+00
 2186.000      7.069077E+00
 2187.000      7.069405E+00
 2188.000      7.069733E+00
 2189.000      7.070060E+00
 2190.000      7.070387E+00
 2191.000      7.070712E+00
 2192.000      7.071037E+00
 2193.000      7.071361E+00
 2194.000      7.071684E+00
 2195.000      7.072006E+00
 2196.000      7.072328E+00
 2197.000      7.072648E+00
 2198.000      7.072968E+00
 2199.000      7.073287E+00
 2200.000      7.073605E+00
 2201.000      7.073923E+00
 2202.000      7.074239E+00
 2203.000      7.074555E+00
 2204.000      7.074870E+00
 2205.000      7.075184E+00
 2206.000      7.075497E+00
 2207.000      7.075810E+00
 2208.000      7.076121E+00
 2209.000      7.076432E+00
 2210.000      7.076742E+00
 2211.000      7.077051E+00
 2212.000      7.077360E+00
 2213.000      7.077667E+00
 2214.000      7.077974E+00
 2215.000      7.078280E+00
 2216.000      7.078585E+00
 2217.000      7.078889E+00
 2218.000      7.079193E+00
 2219.000      7.079496E+00
 2220.000      7.079798E+00
 2221.000      7.080099E+00
 2222.000      7.080399E+00
 2223.000      7.080699E+00
 2224.000      7.080998E+00
 2225.000      7.081296E+00
 2226.000      7.081593E+00
 2227.000      7.081889E+00
 2228.000      7.082185E+00
 2229.000      7.082480E+00
 2230.000      7.082773E+00
 2231.000      7.083066E+00
 2232.000      7.083359E+00
 2233.000      7.083650E+00
 2234.000      7.083941E+00
 2235.000      7.084230E+00
 2236.000      7.084519E+00
 2237.000      7.084807E+00
 2238.000      7.085094E+00
 2239.000      7.085381E+00
 2240.000      7.085666E+00
 2241.000      7.085950E+00
 2242.000      7.086234E+00
 2243.000      7.086517E+00
 2244.000      7.086799E+00
 2245.000      7.087080E+00
 2246.000      7.087360E+00
 2247.000      7.087640E+00
 2248.000      7.087918E+00
 2249.000      7.088196E+00
 2250.000      7.088472E+00
 2251.000      7.088748E+00
 2252.000      7.089023E+00
 2253.000      7.089297E+00
 2254.000      7.089570E+00
 2255.000      7.089842E+00
 2256.000      7.090114E+00
 2257.000      7.090384E+00
 2258.000      7.090653E+00
 2259.000      7.090922E+00
 2260.000      7.091190E+00
 2261.000      7.091457E+00
 2262.000      7.091723E+00
 2263.000      7.091988E+00
 2264.000      7.092252E+00
 2265.000      7.092515E+00
 2266.000      7.092777E+00
 2267.000      7.093039E+00
 2268.000      7.093299E+00
 2269.000      7.093559E+00
 2270.000      7.093817E+00
 2271.000      7.094075E+00
 2272.000      7.094332E+00
 2273.000      7.094588E+00
 2274.000      7.094843E+00
 2275.000      7.095097E+00
 2276.000      7.095350E+00
 2277.000      7.095603E+00
 2278.000      7.095854E+00
 2279.000      7.096105E+00
 2280.000      7.096354E+00
 2281.000      7.096603E+00
 2282.000      7.096851E+00
 2283.000      7.097097E+00
 2284.000      7.097343E+00
 2285.000      7.097588E+00
 2286.000      7.097833E+00
 2287.000      7.098076E+00
 2288.000      7.098318E+00
 2289.000      7.098560E+00
 2290.000      7.098800E+00
 2291.000      7.099040E+00
 2292.000      7.099278E+00
 2293.000      7.099516E+00
 2294.000      7.099753E+00
 2295.000      7.099989E+00
 2296.000      7.100224E+00
 2297.000      7.100458E+00
 2298.000      7.100692E+00
 2299.000      7.100924E+00
 2300.000      7.101156E+00
 2301.000      7.101386E+00
 2302.000      7.101616E+00
 2303.000      7.101845E+00
 2304.000      7.102073E+00
 2305.000      7.102300E+00
 2306.000      7.102527E+00
 2307.000      7.102752E+00
 2308.000      7.102976E+00
 2309.000      7.103200E+00
 2310.000      7.103423E+00
 2311.000      7.103645E+00
 2312.000      7.103866E+00
 2313.000      7.104086E+00
 2314.000      7.104305E+00
 2315.000      7.104524E+00
 2316.000      7.104741E+00
 2317.000      7.104958E+00
 2318.000      7.105174E+00
 2319.000      7.105389E+00
 2320.000      7.105604E+00
 2321.000      7.105817E+00
 2322.000      7.106030E+00
 2323.000      7.106241E+00
 2324.000      7.106452E+00
 2325.000      7.106662E+00
 2326.000      7.106872E+00
 2327.000      7.107080E+00
 2328.000      7.107288E+00
 2329.000      7.107495E+00
 2330.000      7.107701E+00
 2331.000      7.107906E+00
 2332.000      7.108110E+00
 2333.000      7.108314E+00
 2334.000      7.108517E+00
 2335.000      7.108719E+00
 2336.000      7.108921E+00
 2337.000      7.109121E+00
 2338.000      7.109321E+00
 2339.000      7.109520E+00
 2340.000      7.109718E+00
 2341.000      7.109916E+00
 2342.000      7.110113E+00
 2343.000      7.110309E+00
 2344.000      7.110504E+00
 2345.000      7.110698E+00
 2346.000      7.110892E+00
 2347.000      7.111086E+00
 2348.000      7.111281E+00
 2349.000      7.111475E+00
 2350.000      7.111670E+00
 2351.000      7.111864E+00
 2352.000      7.112058E+00
 2353.000      7.112252E+00
 2354.000      7.112445E+00
 2355.000      7.112638E+00
 2356.000      7.112831E+00
 2357.000      7.113024E+00
 2358.000      7.113217E+00
 2359.000      7.113410E+00
 2360.000      7.113602E+00
 2361.000      7.113795E+00
 2362.000      7.113987E+00
 2363.000      7.114180E+00
 2364.000      7.114372E+00
 2365.000      7.114565E+00
 2366.000      7.114757E+00
 2367.000      7.114950E+00
 2368.000      7.115143E+00
 2369.000      7.115335E+00
 2370.000      7.115528E+00
 2371.000      7.115722E+00
 2372.000      7.115915E+00
 2373.000      7.116109E+00
 2374.000      7.116302E+00
 2375.000      7.116496E+00
 2376.000      7.116691E+00
 2377.000      7.116885E+00
 2378.000      7.117080E+00
 2379.000      7.117275E+00
 2380.000      7.117471E+00
 2381.000      7.117667E+00
 2382.000      7.117864E+00
 2383.000      7.118060E+00
 2384.000      7.118258E+00
 2385.000      7.118456E+00
 2386.000      7.118654E+00
 2387.000      7.118853E+00
 2388.000      7.119052E+00
 2389.000      7.119252E+00
 2390.000      7.119452E+00
 2391.000      7.119654E+00
 2392.000      7.119855E+00
 2393.000      7.120058E+00
 2394.000      7.120261E+00
 2395.000      7.120465E+00
 2396.000      7.120669E+00
 2397.000      7.120875E+00
 2398.000      7.121081E+00
 2399.000      7.121288E+00
 2400.000      7.121495E+00
 2401.000      7.121704E+00
 2402.000      7.121913E+00
 2403.000      7.122123E+00
 2404.000      7.122335E+00
 2405.000      7.122547E+00
 2406.000      7.122760E+00
 2407.000      7.122974E+00
 2408.000      7.123189E+00
 2409.000      7.123405E+00
 2410.000      7.123622E+00
 2411.000      7.123840E+00
 2412.000      7.124059E+00
 2413.000      7.124280E+00
 2414.000      7.124501E+00
 2415.000      7.124724E+00
 2416.000      7.124947E+00
 2417.000      7.125172E+00
 2418.000      7.125399E+00
 2419.000      7.125626E+00
 2420.000      7.125855E+00
 2421.000      7.126085E+00
 2422.000      7.126316E+00
 2423.000      7.126549E+00
 2424.000      7.126783E+00
 2425.000      7.127018E+00
 2426.000      7.127255E+00
 2427.000      7.127494E+00
 2428.000      7.127733E+00
 2429.000      7.127974E+00
 2430.000      7.128217E+00
 2431.000      7.128461E+00
 2432.000      7.128707E+00
 2433.000      7.128954E+00
 2434.000      7.129203E+00
 2435.000      7.129454E+00
 2436.000      7.129706E+00
 2437.000      7.129960E+00
 2438.000      7.130215E+00
 2439.000      7.130472E+00
 2440.000      7.130731E+00
 2441.000      7.130992E+00
 2442.000      7.131254E+00
 2443.000      7.131519E+00
 2444.000      7.131785E+00
 2445.000      7.132052E+00
 2446.000      7.132322E+00
 2447.000      7.132594E+00
 2448.000      7.132867E+00
 2449.000      7.133143E+00
 2450.000      7.133420E+00
 2451.000      7.133699E+00
 2452.000      7.133981E+00
 2453.000      7.134264E+00
 2454.000      7.134549E+00
 2455.000      7.134837E+00
 2456.000      7.135127E+00
 2457.000      7.135418E+00
 2458.000      7.135712E+00
 2459.000      7.136008E+00
 2460.000      7.136306E+00
 2461.000      7.136606E+00
 2462.000      7.136909E+00
 2463.000      7.137214E+00
 2464.000      7.137521E+00
 2465.000      7.137830E+00
 2466.000      7.138142E+00
 2467.000      7.138456E+00
 2468.000      7.138773E+00
 2469.000      7.139091E+00
 2470.000      7.139413E+00
 2471.000      7.139736E+00
 2472.000      7.140062E+00
 2473.000      7.140391E+00
 2474.000      7.140722E+00
 2475.000      7.141056E+00
 2476.000      7.141392E+00
 2477.000      7.141730E+00
 2478.000      7.142070E+00
 2479.000      7.142419E+00
 2480.000      7.142769E+00
 2481.000      7.143121E+00
 2482.000      7.143475E+00
 2483.000      7.143832E+00
 2484.000      7.144190E+00
 2485.000      7.144551E+00
 2486.000      7.144915E+00
 2487.000      7.145281E+00
 2488.000      7.145649E+00
 2489.000      7.146020E+00
 2490.000      7.146393E+00
 2491.000      7.146769E+00
 2492.000      7.147147E+00
 2493.000      7.147529E+00
 2494.000      7.147913E+00
 2495.000      7.148300E+00
 2496.000      7.148690E+00
 2497.000      7.149082E+00
 2498.000      7.149478E+00
 2499.000      7.149877E+00
 2500.000      7.150278E+00
 2501.000      7.150683E+00
 2502.000      7.151091E+00
 2503.000      7.151502E+00
 2504.000      7.151916E+00
 2505.000      7.152334E+00
 2506.000      7.152755E+00
 2507.000      7.153179E+00
 2508.000      7.153606E+00
 2509.000      7.154037E+00
 2510.000      7.154472E+00
 2511.000      7.154910E+00
 2512.000      7.155351E+00
 2513.000      7.155796E+00
 2514.000      7.156244E+00
 2515.000      7.156696E+00
 2516.000      7.157152E+00
 2517.000      7.157611E+00
 2518.000      7.158074E+00
 2519.000      7.158540E+00
 2520.000      7.159011E+00
 2521.000      7.159485E+00
 2522.000      7.159963E+00
 2523.000      7.160444E+00
 2524.000      7.160930E+00
 2525.000      7.161419E+00
 2526.000      7.161912E+00
 2527.000      7.162409E+00
 2528.000      7.162910E+00
 2529.000      7.163415E+00
 2530.000      7.163924E+00
 2531.000      7.164436E+00
 2532.000      7.164953E+00
 2533.000      7.165474E+00
 2534.000      7.165998E+00
 2535.000      7.166527E+00
 2536.000      7.167059E+00
 2537.000      7.167596E+00
 2538.000      7.168136E+00
 2539.000      7.168681E+00
 2540.000      7.169230E+00
 2541.000      7.169782E+00
 2542.000      7.170339E+00
 2543.000      7.170900E+00
 2544.000      7.171464E+00
 2545.000      7.172033E+00
 2546.000      7.172606E+00
 2547.000      7.173183E+00
 2548.000      7.173764E+00
 2549.000      7.174349E+00
 2550.000      7.174938E+00
 2551.000      7.175531E+00
 2552.000      7.176128E+00
 2553.000      7.176729E+00
 2554.000      7.177334E+00
 2555.000      7.177943E+00
 2556.000      7.178556E+00
 2557.000      7.179173E+00
 2558.000      7.179794E+00
 2559.000      7.180419E+00
 2560.000      7.181048E+00
 2561.000      7.181681E+00
 2562.000      7.182318E+00
 2563.000      7.182959E+00
 2564.000      7.183604E+00
 2565.000      7.184252E+00
 2566.000      7.184905E+00
 2567.000      7.185561E+00
 2568.000      7.186221E+00
 2569.000      7.186885E+00
 2570.000      7.187552E+00
 2571.000      7.188224E+00
 2572.000      7.188899E+00
 2573.000      7.189578E+00
 2574.000      7.190260E+00
 2575.000      7.190947E+00
 2576.000      7.191636E+00
 2577.000      7.192330E+00
 2578.000      7.193027E+00
 2579.000      7.193727E+00
 2580.000      7.194431E+00
 2581.000      7.195139E+00
 2582.000      7.195850E+00
 2583.000      7.196564E+00
 2584.000      7.197282E+00
 2585.000      7.198003E+00
 2586.000      7.198728E+00
 2587.000      7.199455E+00
 2588.000      7.200186E+00
 2589.000      7.200920E+00
 2590.000      7.201658E+00
 2591.000      7.202398E+00
 2592.000      7.203141E+00
 2593.000      7.203888E+00
 2594.000      7.204637E+00
 2595.000      7.205390E+00
 2596.000      7.206145E+00
 2597.000      7.206903E+00
 2598.000      7.207664E+00
 2599.000      7.208427E+00
 2600.000      7.209194E+00
 2601.000      7.209963E+00
 2602.000      7.210734E+00
 2603.000      7.211508E+00
 2604.000      7.212285E+00
 2605.000      7.213064E+00
 2606.000      7.213845E+00
 2607.000      7.214629E+00
 2608.000      7.215415E+00
 2609.000      7.216203E+00
 2610.000      7.216995E+00
 2611.000      7.217790E+00
 2612.000      7.218588E+00
 2613.000      7.219388E+00
 2614.000      7.220191E+00
 2615.000      7.220996E+00
 2616.000      7.221803E+00
 2617.000      7.222613E+00
 2618.000      7.223425E+00
 2619.000      7.224240E+00
 2620.000      7.225056E+00
 2621.000      7.225875E+00
 2622.000      7.226696E+00
 2623.000      7.227519E+00
 2624.000      7.228344E+00
 2625.000      7.229171E+00
 2626.000      7.230000E+00
 2627.000      7.230832E+00
 2628.000      7.231665E+00
 2629.000      7.232500E+00
 2630.000      7.233338E+00
 2631.000      7.234177E+00
 2632.000      7.235018E+00
 2633.000      7.235860E+00
 2634.000      7.236705E+00
 2635.000      7.237551E+00
 2636.000      7.238400E+00
 2637.000      7.239250E+00
 2638.000      7.240101E+00
 2639.000      7.240954E+00
 2640.000      7.241809E+00
 2641.000      7.242666E+00
 2642.000      7.243524E+00
 2643.000      7.244384E+00
 2644.000      7.245245E+00
 2645.000      7.246107E+00
 2646.000      7.246972E+00
 2647.000      7.247837E+00
 2648.000      7.248704E+00
 2649.000      7.249572E+00
 2650.000      7.250442E+00
 2651.000      7.251313E+00
 2652.000      7.252185E+00
 2653.000      7.253059E+00
 2654.000      7.253933E+00
 2655.000      7.254809E+00
 2656.000      7.255686E+00
 2657.000      7.256565E+00
 2658.000      7.257444E+00
 2659.000      7.258324E+00
 2660.000      7.259206E+00
 2661.000      7.260088E+00
 2662.000      7.260971E+00
 2663.000      7.261856E+00
 2664.000      7.262741E+00
 2665.000      7.263627E+00
 2666.000      7.264514E+00
 2667.000      7.265402E+00
 2668.000      7.266291E+00
 2669.000      7.267180E+00
 2670.000      7.268070E+00
 2671.000      7.268961E+00
 2672.000      7.269852E+00
 2673.000      7.270745E+00
 2674.000      7.271637E+00
 2675.000      7.272531E+00
 2676.000      7.273425E+00
 2677.000      7.274319E+00
 2678.000      7.275214E+00
 2679.000      7.276109E+00
 2680.000      7.277005E+00
 2681.000      7.277902E+00
 2682.000      7.278798E+00
 2683.000      7.279695E+00
 2684.000      7.280592E+00
 2685.000      7.281490E+00
 2686.000      7.282388E+00
 2687.000      7.283286E+00
 2688.000      7.284184E+00
 2689.000      7.285083E+00
 2690.000      7.285981E+00
 2691.000      7.286880E+00
 2692.000      7.287778E+00
 2693.000      7.288677E+00
 2694.000      7.289576E+00
 2695.000      7.290475E+00
 2696.000      7.291373E+00
 2697.000      7.292272E+00
 2698.000      7.293170E+00
 2699.000      7.294069E+00
 2700.000      7.294967E+00
 2701.000      7.295865E+00
 2702.000      7.296762E+00
 2703.000      7.297660E+00
 2704.000      7.298557E+00
 2705.000      7.299454E+00
 2706.000      7.300350E+00
 2707.000      7.301246E+00
 2708.000      7.302142E+00
 2709.000      7.303037E+00
 2710.000      7.303932E+00
 2711.000      7.304826E+00
 2712.000      7.305720E+00
 2713.000      7.306613E+00
 2714.000      7.307505E+00
 2715.000      7.308397E+00
 2716.000      7.309288E+00
 2717.000      7.310179E+00
 2718.000      7.311069E+00
 2719.000      7.311958E+00
 2720.000      7.312846E+00
 2721.000      7.313733E+00
 2722.000      7.314620E+00
 2723.000      7.315505E+00
 2724.000      7.316390E+00
 2725.000      7.317274E+00
 2726.000      7.318157E+00
 2727.000      7.319038E+00
 2728.000      7.319919E+00
 2729.000      7.320799E+00
 2730.000      7.321678E+00
 2731.000      7.322555E+00
 2732.000      7.323431E+00
 2733.000      7.324306E+00
 2734.000      7.325180E+00
 2735.000      7.326053E+00
 2736.000      7.326924E+00
 2737.000      7.327794E+00
 2738.000      7.328663E+00
 2739.000      7.329530E+00
 2740.000      7.330396E+00
 2741.000      7.331260E+00
 2742.000      7.331740E+00
 2743.000      7.332205E+00
 2744.000      7.332659E+00
 2745.000      7.333101E+00
 2746.000      7.333534E+00
 2747.000      7.333956E+00
 2748.000      7.334369E+00
 2749.000      7.334772E+00
 2750.000      7.335167E+00
 2751.000      7.335553E+00
 2752.000      7.335931E+00
 2753.000      7.336301E+00
 2754.000      7.336664E+00
 2755.000      7.337020E+00
 2756.000      7.337369E+00
 2757.000      7.337712E+00
 2758.000      7.338049E+00
 2759.000      7.338380E+00
 2760.000      7.338705E+00
 2761.000      7.339026E+00
 2762.000      7.339341E+00
 2763.000      7.339652E+00
 2764.000      7.339959E+00
 2765.000      7.340261E+00
 2766.000      7.340560E+00
 2767.000      7.340856E+00
 2768.000      7.341148E+00
 2769.000      7.341437E+00
 2770.000      7.341723E+00
 2771.000      7.342007E+00
 2772.000      7.342289E+00
 2773.000      7.342568E+00
 2774.000      7.342845E+00
 2775.000      7.343121E+00
 2776.000      7.343395E+00
 2777.000      7.343668E+00
 2778.000      7.343939E+00
 2779.000      7.344210E+00
 2780.000      7.344479E+00
 2781.000      7.344748E+00
 2782.000      7.345017E+00
 2783.000      7.345284E+00
 2784.000      7.345552E+00
 2785.000      7.345819E+00
 2786.000      7.346086E+00
 2787.000      7.346354E+00
 2788.000      7.346621E+00
 2789.000      7.346889E+00
 2790.000      7.347156E+00
 2791.000      7.347425E+00
 2792.000      7.347693E+00
 2793.000      7.347962E+00
 2794.000      7.348232E+00
 2795.000      7.348502E+00
 2796.000      7.348773E+00
 2797.000      7.349044E+00
 2798.000      7.349317E+00
 2799.000      7.349589E+00
 2800.000      7.349863E+00
 2801.000      7.350137E+00
 2802.000      7.350412E+00
 2803.000      7.350687E+00
 2804.000      7.350964E+00
 2805.000      7.351240E+00
 2806.000      7.351518E+00
 2807.000      7.351796E+00
 2808.000      7.352074E+00
 2809.000      7.352353E+00
 2810.000      7.352632E+00
 2811.000      7.352911E+00
 2812.000      7.353191E+00
 2813.000      7.353470E+00
 2814.000      7.353750E+00
 2815.000      7.354029E+00
 2816.000      7.354309E+00
 2817.000      7.354588E+00
 2818.000      7.354866E+00
 2819.000      7.355144E+00
 2820.000      7.355421E+00
 2821.000      7.355697E+00
 2822.000      7.355972E+00
 2823.000      7.356246E+00
 2824.000      7.356519E+00
 2825.000      7.356790E+00
 2826.000      7.357059E+00
 2827.000      7.357326E+00
 2828.000      7.357591E+00
 2829.000      7.357854E+00
 2830.000      7.358114E+00
 2831.000      7.358371E+00
 2832.000      7.358626E+00
 2833.000      7.358876E+00
 2834.000      7.359124E+00
 2835.000      7.359367E+00
 2836.000      7.359607E+00
 2837.000      7.359842E+00
 2838.000      7.360073E+00
 2839.000      7.360298E+00
 2840.000      7.360519E+00
 2841.000      7.360734E+00
 2842.000      7.360943E+00
 2843.000      7.361146E+00
 2844.000      7.361343E+00
 2845.000      7.361533E+00
 2846.000      7.361716E+00
 2847.000      7.361891E+00
 2848.000      7.362059E+00
 2849.000      7.362218E+00
 2850.000      7.362369E+00
 2851.000      7.362511E+00
 2852.000      7.362643E+00
 2853.000      7.362766E+00
 2854.000      7.362879E+00
 2855.000      7.362982E+00
 2856.000      7.363073E+00
 2857.000      7.363153E+00
 2858.000      7.363222E+00
 2859.000      7.363278E+00
 2860.000      7.363322E+00
 2861.000      7.363352E+00
 2862.000      7.363369E+00
 2863.000      7.363372E+00
 2864.000      7.363361E+00
 2865.000      7.363335E+00
 2866.000      7.363293E+00
 2867.000      7.363235E+00
 2868.000      7.363161E+00
 2869.000      7.363070E+00
 2870.000      7.362961E+00
 2871.000      7.362834E+00
 2872.000      7.362689E+00
 2873.000      7.362525E+00
 2874.000      7.362341E+00
 2875.000      7.362137E+00
 2876.000      7.361912E+00
 2877.000      7.361666E+00
 2878.000      7.361398E+00
 2879.000      7.361108E+00
 2880.000      7.360795E+00
 2881.000      7.360458E+00
 2882.000      7.360096E+00
 2883.000      7.359710E+00
 2884.000      7.359298E+00
 2885.000      7.358860E+00
 2886.000      7.358395E+00
 2887.000      7.357903E+00
 2888.000      7.357383E+00
 2889.000      7.356834E+00
 2890.000      7.356256E+00
 2891.000      7.355647E+00
